State,Level,Name,TRU,TOT_P,TOT_M,TOT_F,P_LIT,M_LIT,F_LIT
0,India,India,Total,1210854977,623270258,587584719,763638812,434763622,328875190
0,India,India,Rural,833748852,427781058,405967794,482793835,281361374,201432461
0,India,India,Urban,377106125,195489200,181616925,280844977,153402248,127442729
1,STATE,JAMMU & KASHMIR,Total,12541302,6640662,5900640,7067233,4264671,2802562
1,STATE,JAMMU & KASHMIR,Rural,9108060,4774477,4333583,4747950,2891749,1856201
1,STATE,JAMMU & KASHMIR,Urban,3433242,1866185,1567057,2319283,1372922,946361
1,DISTRICT,Kupwara,Total,870354,474190,396164,439654,282823,156831
1,DISTRICT,Kupwara,Rural,765625,412038,353587,374998,238785,136213
1,DISTRICT,Kupwara,Urban,104729,62152,42577,64656,44038,20618
1,DISTRICT,Badgam,Total,753745,398041,355704,335649,207741,127908
1,DISTRICT,Badgam,Rural,655833,343385,312448,278265,170641,107624
1,DISTRICT,Badgam,Urban,97912,54656,43256,57384,37100,20284
1,DISTRICT,Leh(Ladakh),Total,133487,78971,54516,93770,62834,30936
1,DISTRICT,Leh(Ladakh),Rural,87816,48411,39405,56789,36062,20727
1,DISTRICT,Leh(Ladakh),Urban,45671,30560,15111,36981,26772,10209
1,DISTRICT,Kargil,Total,140802,77785,63017,86236,56301,29935
1,DISTRICT,Kargil,Rural,124464,67703,56761,73896,47674,26222
1,DISTRICT,Kargil,Urban,16338,10082,6256,12340,8627,3713
1,DISTRICT,Punch,Total,476835,251899,224936,261724,163333,98391
1,DISTRICT,Punch,Rural,438205,229774,208431,231541,144716,86825
1,DISTRICT,Punch,Urban,38630,22125,16505,30183,18617,11566
1,DISTRICT,Rajouri,Total,642415,345351,297064,364109,224469,139640
1,DISTRICT,Rajouri,Rural,590101,310748,279353,321210,194113,127097
1,DISTRICT,Rajouri,Urban,52314,34603,17711,42899,30356,12543
1,DISTRICT,Kathua,Total,616435,326109,290326,389204,228499,160705
1,DISTRICT,Kathua,Rural,526722,278126,248596,320364,189875,130489
1,DISTRICT,Kathua,Urban,89713,47983,41730,68840,38624,30216
1,DISTRICT,Baramula,Total,1008039,534733,473306,545149,337170,207979
1,DISTRICT,Baramula,Rural,825539,432399,393140,423193,260880,162313
1,DISTRICT,Baramula,Urban,182500,102334,80166,121956,76290,45666
1,DISTRICT,Bandipore,Total,392232,207680,184552,185979,117058,68921
1,DISTRICT,Bandipore,Rural,326871,172263,154608,148187,93233,54954
1,DISTRICT,Bandipore,Urban,65361,35417,29944,37792,23825,13967
1,DISTRICT,Srinagar,Total,1236829,651124,585705,748584,431746,316838
1,DISTRICT,Srinagar,Rural,17313,8916,8397,7928,4812,3116
1,DISTRICT,Srinagar,Urban,1219516,642208,577308,740656,426934,313722
1,DISTRICT,Ganderbal,Total,297446,158720,138726,143276,90581,52695
1,DISTRICT,Ganderbal,Rural,250407,133715,116692,117480,74884,42596
1,DISTRICT,Ganderbal,Urban,47039,25005,22034,25796,15697,10099
1,DISTRICT,Pulwama,Total,560440,293064,267376,293958,178326,115632
1,DISTRICT,Pulwama,Rural,479978,248096,231882,245179,147229,97950
1,DISTRICT,Pulwama,Urban,80462,44968,35494,48779,31097,17682
1,DISTRICT,Shupiyan,Total,266215,136480,129735,136500,80355,56145
1,DISTRICT,Shupiyan,Rural,249855,127161,122694,125256,73266,51990
1,DISTRICT,Shupiyan,Urban,16360,9319,7041,11244,7089,4155
1,DISTRICT,Anantnag,Total,1078692,559767,518925,545532,324417,221115
1,DISTRICT,Anantnag,Rural,795805,411012,384793,375859,225013,150846
1,DISTRICT,Anantnag,Urban,282887,148755,134132,169673,99404,70269
1,DISTRICT,Kulgam,Total,424483,217620,206863,209085,125052,84033
1,DISTRICT,Kulgam,Rural,343870,175574,168296,163112,97243,65869
1,DISTRICT,Kulgam,Urban,80613,42046,38567,45973,27809,18164
1,DISTRICT,Doda,Total,409936,213641,196295,219083,138620,80463
1,DISTRICT,Doda,Rural,377247,195430,181817,194550,123819,70731
1,DISTRICT,Doda,Urban,32689,18211,14478,24533,14801,9732
1,DISTRICT,Ramban,Total,283713,149132,134581,124065,82938,41127
1,DISTRICT,Ramban,Rural,271902,142317,129585,115194,77352,37842
1,DISTRICT,Ramban,Urban,11811,6815,4996,8871,5586,3285
1,DISTRICT,Kishtwar,Total,230696,120165,110531,107506,68700,38806
1,DISTRICT,Kishtwar,Rural,215831,111986,103845,96112,61934,34178
1,DISTRICT,Kishtwar,Urban,14865,8179,6686,11394,6766,4628
1,DISTRICT,Udhampur,Total,554985,296784,258201,322354,197543,124811
1,DISTRICT,Udhampur,Rural,446777,232974,213803,236882,144066,92816
1,DISTRICT,Udhampur,Urban,108208,63810,44398,85472,53477,31995
1,DISTRICT,Reasi,Total,314667,166461,148206,150542,93937,56605
1,DISTRICT,Reasi,Rural,287671,151481,136190,131328,82502,48826
1,DISTRICT,Reasi,Urban,26996,14980,12016,19214,11435,7779
1,DISTRICT,Jammu,Total,1529958,813821,716137,1137135,641916,495219
1,DISTRICT,Jammu,Rural,764945,401603,363342,524881,298200,226681
1,DISTRICT,Jammu,Urban,765013,412218,352795,612254,343716,268538
1,DISTRICT,Samba,Total,318898,169124,149774,228139,130312,97827
1,DISTRICT,Samba,Rural,265283,139365,125918,185746,105450,80296
1,DISTRICT,Samba,Urban,53615,29759,23856,42393,24862,17531
2,STATE,HIMACHAL PRADESH,Total,6864602,3481873,3382729,5039736,2752590,2287146
2,STATE,HIMACHAL PRADESH,Rural,6176050,3110345,3065705,4471736,2437821,2033915
2,STATE,HIMACHAL PRADESH,Urban,688552,371528,317024,568000,314769,253231
2,DISTRICT,Chamba,Total,519080,261320,257760,323842,186064,137778
2,DISTRICT,Chamba,Rural,482972,241963,241009,293683,169271,124412
2,DISTRICT,Chamba,Urban,36108,19357,16751,30159,16793,13366
2,DISTRICT,Kangra,Total,1510075,750591,759484,1152640,606443,546197
2,DISTRICT,Kangra,Rural,1423794,705365,718429,1082442,568564,513878
2,DISTRICT,Kangra,Urban,86281,45226,41055,70198,37879,32319
2,DISTRICT,Lahul & Spiti,Total,31564,16588,14976,21845,12897,8948
2,DISTRICT,Lahul & Spiti,Rural,31564,16588,14976,21845,12897,8948
2,DISTRICT,Lahul & Spiti,Urban,0,0,0,0,0,0
2,DISTRICT,Kullu,Total,437903,225452,212451,307672,174550,133122
2,DISTRICT,Kullu,Rural,396512,203269,193243,274741,156267,118474
2,DISTRICT,Kullu,Urban,41391,22183,19208,32931,18283,14648
2,DISTRICT,Mandi,Total,999777,498065,501712,723747,393669,330078
2,DISTRICT,Mandi,Rural,937140,466050,471090,671588,366395,305193
2,DISTRICT,Mandi,Urban,62637,32015,30622,52159,27274,24885
2,DISTRICT,Hamirpur,Total,454768,217070,237698,358091,180555,177536
2,DISTRICT,Hamirpur,Rural,423338,200748,222590,331719,166483,165236
2,DISTRICT,Hamirpur,Urban,31430,16322,15108,26372,14072,12300
2,DISTRICT,Una,Total,521173,263692,257481,399715,213281,186434
2,DISTRICT,Una,Rural,476260,240254,236006,364981,194476,170505
2,DISTRICT,Una,Urban,44913,23438,21475,34734,18805,15929
2,DISTRICT,Bilaspur,Total,381956,192764,189192,287620,155599,132021
2,DISTRICT,Bilaspur,Rural,356827,179653,177174,266816,144487,122329
2,DISTRICT,Bilaspur,Urban,25129,13111,12018,20804,11112,9692
2,DISTRICT,Solan,Total,580320,308754,271566,428578,244372,184206
2,DISTRICT,Solan,Rural,478173,249736,228437,346074,195211,150863
2,DISTRICT,Solan,Urban,102147,59018,43129,82504,49161,33343
2,DISTRICT,Sirmaur,Total,529855,276289,253566,362645,205617,157028
2,DISTRICT,Sirmaur,Rural,472690,246175,226515,316436,180611,135825
2,DISTRICT,Sirmaur,Urban,57165,30114,27051,46209,25006,21203
2,DISTRICT,Shimla,Total,814010,425039,388971,612642,342846,269796
2,DISTRICT,Shimla,Rural,612659,314295,298364,440712,246462,194250
2,DISTRICT,Shimla,Urban,201351,110744,90607,171930,96384,75546
2,DISTRICT,Kinnaur,Total,84121,46249,37872,60699,36697,24002
2,DISTRICT,Kinnaur,Rural,84121,46249,37872,60699,36697,24002
2,DISTRICT,Kinnaur,Urban,0,0,0,0,0,0
3,STATE,PUNJAB,Total,27743338,14639465,13103873,18707137,10436056,8271081
3,STATE,PUNJAB,Rural,17344192,9093476,8250716,10997657,6158807,4838850
3,STATE,PUNJAB,Urban,10399146,5545989,4853157,7709480,4277249,3432231
3,DISTRICT,Gurdaspur,Total,2298323,1212617,1085706,1634719,907660,727059
3,DISTRICT,Gurdaspur,Rural,1639004,855784,783220,1116537,616852,499685
3,DISTRICT,Gurdaspur,Urban,659319,356833,302486,518182,290808,227374
3,DISTRICT,Kapurthala ,Total,815168,426311,388857,576567,316254,260313
3,DISTRICT,Kapurthala ,Rural,532706,275932,256774,360776,196919,163857
3,DISTRICT,Kapurthala ,Urban,282462,150379,132083,215791,119335,96456
3,DISTRICT,Jalandhar,Total,2193590,1145211,1048379,1622537,882581,739956
3,DISTRICT,Jalandhar,Rural,1032419,528790,503629,728134,392867,335267
3,DISTRICT,Jalandhar,Urban,1161171,616421,544750,894403,489714,404689
3,DISTRICT,Hoshiarpur,Total,1586625,809057,777568,1199699,637927,561772
3,DISTRICT,Hoshiarpur,Rural,1251656,634470,617186,935835,496632,439203
3,DISTRICT,Hoshiarpur,Urban,334969,174587,160382,263864,141295,122569
3,DISTRICT,Shahid Bhagat Singh Nagar ,Total,612310,313291,299019,438459,239155,199304
3,DISTRICT,Shahid Bhagat Singh Nagar ,Rural,486894,248118,238776,345595,188612,156983
3,DISTRICT,Shahid Bhagat Singh Nagar ,Urban,125416,65173,60243,92864,50543,42321
3,DISTRICT,Fatehgarh Sahib,Total,600163,320795,279368,426033,238696,187337
3,DISTRICT,Fatehgarh Sahib,Rural,414681,220050,194631,288340,160922,127418
3,DISTRICT,Fatehgarh Sahib,Urban,185482,100745,84737,137693,77774,59919
3,DISTRICT,Ludhiana,Total,3498739,1867816,1630923,2560225,1428348,1131877
3,DISTRICT,Ludhiana,Rural,1429031,753444,675587,1002069,557296,444773
3,DISTRICT,Ludhiana,Urban,2069708,1114372,955336,1558156,871052,687104
3,DISTRICT,Moga,Total,995746,525920,469826,627889,348549,279340
3,DISTRICT,Moga,Rural,768500,405704,362796,468003,260725,207278
3,DISTRICT,Moga,Urban,227246,120216,107030,159886,87824,72062
3,DISTRICT,Firozpur,Total,2029074,1071637,957437,1227511,707070,520441
3,DISTRICT,Firozpur,Rural,1476518,776208,700310,840820,489462,351358
3,DISTRICT,Firozpur,Urban,552556,295429,257127,386691,217608,169083
3,DISTRICT,Muktsar,Total,901896,475622,426274,524848,300401,224447
3,DISTRICT,Muktsar,Rural,649705,342202,307503,355161,204933,150228
3,DISTRICT,Muktsar,Urban,252191,133420,118771,169687,95468,74219
3,DISTRICT,Faridkot,Total,617508,326671,290837,381285,215767,165518
3,DISTRICT,Faridkot,Rural,400457,210782,189675,229799,130300,99499
3,DISTRICT,Faridkot,Urban,217051,115889,101162,151486,85467,66019
3,DISTRICT,Bathinda,Total,1388525,743197,645328,844868,488261,356607
3,DISTRICT,Bathinda,Rural,889308,474484,414824,493192,287532,205660
3,DISTRICT,Bathinda,Urban,499217,268713,230504,351676,200729,150947
3,DISTRICT,Mansa,Total,769751,408732,361019,423560,244037,179523
3,DISTRICT,Mansa,Rural,606147,322184,283963,313244,182103,131141
3,DISTRICT,Mansa,Urban,163604,86548,77056,110316,61934,48382
3,DISTRICT,Patiala,Total,1895686,1002522,893164,1266791,711052,555739
3,DISTRICT,Patiala,Rural,1132406,598800,533606,688838,393440,295398
3,DISTRICT,Patiala,Urban,763280,403722,359558,577953,317612,260341
3,DISTRICT,Amritsar ,Total,2490656,1318408,1172248,1684770,932981,751789
3,DISTRICT,Amritsar ,Rural,1156045,607266,548779,689447,386035,303412
3,DISTRICT,Amritsar ,Urban,1334611,711142,623469,995323,546946,448377
3,DISTRICT,Tarn Taran,Total,1119627,589369,530258,666162,376427,289735
3,DISTRICT,Tarn Taran,Rural,977832,514322,463510,570113,323165,246948
3,DISTRICT,Tarn Taran,Urban,141795,75047,66748,96049,53262,42787
3,DISTRICT,Rupnagar,Total,684627,357485,327142,502731,278534,224197
3,DISTRICT,Rupnagar,Rural,506820,264089,242731,364922,203376,161546
3,DISTRICT,Rupnagar,Urban,177807,93396,84411,137809,75158,62651
3,DISTRICT,Sahibzada Ajit Singh Nagar,Total,994628,529253,465375,736575,409944,326631
3,DISTRICT,Sahibzada Ajit Singh Nagar,Rural,450017,240984,209033,313569,178533,135036
3,DISTRICT,Sahibzada Ajit Singh Nagar,Urban,544611,288269,256342,423006,231411,191595
3,DISTRICT,Sangrur,Total,1655169,878029,777140,1002077,570413,431664
3,DISTRICT,Sangrur,Rural,1139204,604653,534551,658857,377587,281270
3,DISTRICT,Sangrur,Urban,515965,273376,242589,343220,192826,150394
3,DISTRICT,Barnala,Total,595527,317522,278005,359831,201999,157832
3,DISTRICT,Barnala,Rural,404842,215210,189632,234406,131516,102890
3,DISTRICT,Barnala,Urban,190685,102312,88373,125425,70483,54942
4,STATE,CHANDIGARH,Total,1055450,580663,474787,805438,465346,340092
4,STATE,CHANDIGARH,Rural,28991,17150,11841,19961,12752,7209
4,STATE,CHANDIGARH,Urban,1026459,563513,462946,785477,452594,332883
4,DISTRICT,Chandigarh,Total,1055450,580663,474787,805438,465346,340092
4,DISTRICT,Chandigarh,Rural,28991,17150,11841,19961,12752,7209
4,DISTRICT,Chandigarh,Urban,1026459,563513,462946,785477,452594,332883
5,STATE,UTTARAKHAND,Total,10086292,5137773,4948519,6880953,3863708,3017245
5,STATE,UTTARAKHAND,Rural,7036954,3519042,3517912,4614050,2596171,2017879
5,STATE,UTTARAKHAND,Urban,3049338,1618731,1430607,2266903,1267537,999366
5,DISTRICT,Uttarkashi,Total,330086,168597,161489,215126,128237,86889
5,DISTRICT,Uttarkashi,Rural,305781,155375,150406,195909,117095,78814
5,DISTRICT,Uttarkashi,Urban,24305,13222,11083,19217,11142,8075
5,DISTRICT,Chamoli,Total,391605,193991,197614,280556,155395,125161
5,DISTRICT,Chamoli,Rural,332209,160369,171840,232303,126871,105432
5,DISTRICT,Chamoli,Urban,59396,33622,25774,48253,28524,19729
5,DISTRICT,Rudraprayag,Total,242285,114589,127696,170933,91803,79130
5,DISTRICT,Rudraprayag,Rural,232360,108740,123620,162944,86853,76091
5,DISTRICT,Rudraprayag,Urban,9925,5849,4076,7989,4950,3039
5,DISTRICT,Tehri Garhwal,Total,618931,297986,320945,407994,227406,180588
5,DISTRICT,Tehri Garhwal,Rural,548792,259381,289411,352776,195356,157420
5,DISTRICT,Tehri Garhwal,Urban,70139,38605,31534,55218,32050,23168
5,DISTRICT,Dehradun,Total,1696694,892199,804495,1259506,702216,557290
5,DISTRICT,Dehradun,Rural,754753,392891,361862,517836,292382,225454
5,DISTRICT,Dehradun,Urban,941941,499308,442633,741670,409834,331836
5,DISTRICT,Garhwal,Total,687271,326829,360442,494889,262148,232741
5,DISTRICT,Garhwal,Rural,574568,268029,306539,404558,213355,191203
5,DISTRICT,Garhwal,Urban,112703,58800,53903,90331,48793,41538
5,DISTRICT,Pithoragarh,Total,483439,239306,244133,345550,189623,155927
5,DISTRICT,Pithoragarh,Rural,413834,202930,210904,289256,159729,129527
5,DISTRICT,Pithoragarh,Urban,69605,36376,33229,56294,29894,26400
5,DISTRICT,Bageshwar,Total,259898,124326,135572,179483,97546,81937
5,DISTRICT,Bageshwar,Rural,250819,119615,131204,172166,93588,78578
5,DISTRICT,Bageshwar,Urban,9079,4711,4368,7317,3958,3359
5,DISTRICT,Almora,Total,622506,291081,331425,436497,231604,204893
5,DISTRICT,Almora,Rural,560192,257359,302833,383089,201819,181270
5,DISTRICT,Almora,Urban,62314,33722,28592,53408,29785,23623
5,DISTRICT,Champawat,Total,259648,131125,128523,177726,102015,75711
5,DISTRICT,Champawat,Rural,221305,110842,110463,149910,86379,63531
5,DISTRICT,Champawat,Urban,38343,20283,18060,27816,15636,12180
5,DISTRICT,Nainital,Total,954605,493666,460939,696500,385779,310721
5,DISTRICT,Nainital,Rural,582871,299257,283614,417970,234254,183716
5,DISTRICT,Nainital,Urban,371734,194409,177325,278530,151525,127005
5,DISTRICT,Udham Singh Nagar,Total,1648902,858783,790119,1037839,598525,439314
5,DISTRICT,Udham Singh Nagar,Rural,1062142,550470,511672,652717,379437,273280
5,DISTRICT,Udham Singh Nagar,Urban,586760,308313,278447,385122,219088,166034
5,DISTRICT,Hardwar,Total,1890422,1005295,885127,1178354,691411,486943
5,DISTRICT,Hardwar,Rural,1197328,633784,563544,682616,409053,273563
5,DISTRICT,Hardwar,Urban,693094,371511,321583,495738,282358,213380
6,STATE,HARYANA,Total,25351462,13494734,11856728,16598988,9794067,6804921
6,STATE,HARYANA,Rural,16509359,8774006,7735353,10158442,6140099,4018343
6,STATE,HARYANA,Urban,8842103,4720728,4121375,6440546,3653968,2786578
6,DISTRICT,Panchkula,Total,561293,299679,261614,405318,229862,175456
6,DISTRICT,Panchkula,Rural,248063,133153,114910,163427,95926,67501
6,DISTRICT,Panchkula,Urban,313230,166526,146704,241891,133936,107955
6,DISTRICT,Ambala,Total,1128350,598703,529647,818025,461288,356737
6,DISTRICT,Ambala,Rural,627576,331703,295873,426642,244282,182360
6,DISTRICT,Ambala,Urban,500774,267000,233774,391383,217006,174377
6,DISTRICT,Yamunanagar,Total,1214205,646718,567487,832457,474793,357664
6,DISTRICT,Yamunanagar,Rural,741376,393957,347419,477813,276833,200980
6,DISTRICT,Yamunanagar,Urban,472829,252761,220068,354644,197960,156684
6,DISTRICT,Kurukshetra,Total,964655,510976,453679,646893,370828,276065
6,DISTRICT,Kurukshetra,Rural,685430,361020,324410,437671,253287,184384
6,DISTRICT,Kurukshetra,Urban,279225,149956,129269,209222,117541,91681
6,DISTRICT,Kaithal,Total,1074304,571003,503301,646529,385782,260747
6,DISTRICT,Kaithal,Rural,838293,445931,392362,485223,293066,192157
6,DISTRICT,Kaithal,Urban,236011,125072,110939,161306,92716,68590
6,DISTRICT,Karnal,Total,1505324,797712,707612,978013,564516,413497
6,DISTRICT,Karnal,Rural,1050514,557110,493404,647883,380886,266997
6,DISTRICT,Karnal,Urban,454810,240602,214208,330130,183630,146500
6,DISTRICT,Panipat,Total,1205437,646857,558580,786599,464136,322463
6,DISTRICT,Panipat,Rural,650352,349642,300710,402944,243714,159230
6,DISTRICT,Panipat,Urban,555085,297215,257870,383655,220422,163233
6,DISTRICT,Sonipat,Total,1450001,781299,668702,998316,589881,408435
6,DISTRICT,Sonipat,Rural,996637,538750,457887,665141,400112,265029
6,DISTRICT,Sonipat,Urban,453364,242549,210815,333175,189769,143406
6,DISTRICT,Jind,Total,1334152,713006,621146,832758,502049,330709
6,DISTRICT,Jind,Rural,1028569,550519,478050,617715,377967,239748
6,DISTRICT,Jind,Urban,305583,162487,143096,215043,124082,90961
6,DISTRICT,Fatehabad,Total,942011,495360,446651,557578,327471,230107
6,DISTRICT,Fatehabad,Rural,762423,400814,361609,434531,258814,175717
6,DISTRICT,Fatehabad,Urban,179588,94546,85042,123047,68657,54390
6,DISTRICT,Sirsa,Total,1295189,682582,612607,782897,456968,325929
6,DISTRICT,Sirsa,Rural,975941,514177,461764,559635,331990,227645
6,DISTRICT,Sirsa,Urban,319248,168405,150843,223262,124978,98284
6,DISTRICT,Hisar,Total,1743931,931562,812369,1114311,670200,444111
6,DISTRICT,Hisar,Rural,1190443,634139,556304,714796,439026,275770
6,DISTRICT,Hisar,Urban,553488,297423,256065,399515,231174,168341
6,DISTRICT,Bhiwani,Total,1634445,866672,767773,1069871,643158,426713
6,DISTRICT,Bhiwani,Rural,1313123,696212,616911,840162,511763,328399
6,DISTRICT,Bhiwani,Urban,321322,170460,150862,229709,131395,98314
6,DISTRICT,Rohtak,Total,1061204,568479,492725,747582,436025,311557
6,DISTRICT,Rohtak,Rural,615040,332034,283006,412667,248850,163817
6,DISTRICT,Rohtak,Urban,446164,236445,209719,334915,187175,147740
6,DISTRICT,Jhajjar,Total,958405,514667,443738,676091,399480,276611
6,DISTRICT,Jhajjar,Rural,715066,384219,330847,496455,296833,199622
6,DISTRICT,Jhajjar,Urban,243339,130448,112891,179636,102647,76989
6,DISTRICT,Mahendragarh,Total,922088,486665,435423,630255,380440,249815
6,DISTRICT,Mahendragarh,Rural,789233,416358,372875,533442,324741,208701
6,DISTRICT,Mahendragarh,Urban,132855,70307,62548,96813,55699,41114
6,DISTRICT,Rewari,Total,900332,474335,425997,636947,375453,261494
6,DISTRICT,Rewari,Rural,666902,349710,317192,464452,276558,187894
6,DISTRICT,Rewari,Urban,233430,124625,108805,172495,98895,73600
6,DISTRICT,Gurgaon,Total,1514432,816690,697742,1111116,638666,472450
6,DISTRICT,Gurgaon,Rural,472179,251462,220717,324087,192288,131799
6,DISTRICT,Gurgaon,Urban,1042253,565228,477025,787029,446378,340651
6,DISTRICT,Mewat ,Total,1089263,571162,518101,454897,308435,146462
6,DISTRICT,Mewat ,Rural,965157,506086,459071,384749,266086,118663
6,DISTRICT,Mewat ,Urban,124106,65076,59030,70148,42349,27799
6,DISTRICT,Faridabad,Total,1809733,966110,843623,1272739,734940,537799
6,DISTRICT,Faridabad,Rural,370878,198103,172775,227022,139717,87305
6,DISTRICT,Faridabad,Urban,1438855,768007,670848,1045717,595223,450494
6,DISTRICT,Palwal ,Total,1042708,554497,488211,599796,379696,220100
6,DISTRICT,Palwal ,Rural,806164,428907,377257,441985,287360,154625
6,DISTRICT,Palwal ,Urban,236544,125590,110954,157811,92336,65475
7,STATE,NCT OF DELHI,Total,16787941,8987326,7800615,12737767,7194856,5542911
7,STATE,NCT OF DELHI,Rural,419042,226321,192721,296600,174327,122273
7,STATE,NCT OF DELHI,Urban,16368899,8761005,7607894,12441167,7020529,5420638
7,DISTRICT,North West,Total,3656539,1960922,1695617,2707855,1541952,1165903
7,DISTRICT,North West,Rural,213950,115680,98270,147327,87043,60284
7,DISTRICT,North West,Urban,3442589,1845242,1597347,2560528,1454909,1105619
7,DISTRICT,North,Total,887978,475002,412976,681517,381615,299902
7,DISTRICT,North,Rural,17746,9546,8200,13240,7700,5540
7,DISTRICT,North,Urban,870232,465456,404776,668277,373915,294362
7,DISTRICT,North East,Total,2241624,1188425,1053199,1611588,912481,699107
7,DISTRICT,North East,Rural,21527,11718,9809,14465,8515,5950
7,DISTRICT,North East,Urban,2220097,1176707,1043390,1597123,903966,693157
7,DISTRICT,East,Total,1709346,907500,801846,1352998,748382,604616
7,DISTRICT,East,Rural,3530,1861,1669,2986,1583,1403
7,DISTRICT,East,Urban,1705816,905639,800177,1350012,746799,603213
7,DISTRICT,New Delhi,Total,142004,77942,64062,114179,65678,48501
7,DISTRICT,New Delhi,Rural,0,0,0,0,0,0
7,DISTRICT,New Delhi,Urban,142004,77942,64062,114179,65678,48501
7,DISTRICT,Central,Total,582320,307821,274499,442360,240518,201842
7,DISTRICT,Central,Rural,0,0,0,0,0,0
7,DISTRICT,Central,Urban,582320,307821,274499,442360,240518,201842
7,DISTRICT,West,Total,2543243,1356240,1187003,1961179,1093933,867246
7,DISTRICT,West,Rural,6420,3355,3065,4448,2563,1885
7,DISTRICT,West,Urban,2536823,1352885,1183938,1956731,1091370,865361
7,DISTRICT,South West,Total,2292958,1246046,1046912,1787689,1025261,762428
7,DISTRICT,South West,Rural,143676,77342,66334,105998,61887,44111
7,DISTRICT,South West,Urban,2149282,1168704,980578,1681691,963374,718317
7,DISTRICT,South,Total,2731929,1467428,1264501,2078402,1185036,893366
7,DISTRICT,South,Rural,12193,6819,5374,8136,5036,3100
7,DISTRICT,South,Urban,2719736,1460609,1259127,2070266,1180000,890266
8,STATE,RAJASTHAN,Total,68548437,35550997,32997440,38275282,23688412,14586870
8,STATE,RAJASTHAN,Rural,51500352,26641747,24858605,26471786,16904589,9567197
8,STATE,RAJASTHAN,Urban,17048085,8909250,8138835,11803496,6783823,5019673
8,DISTRICT,Ganganagar ,Total,1969168,1043340,925828,1193343,710908,482435
8,DISTRICT,Ganganagar ,Rural,1433736,758269,675467,821372,496935,324437
8,DISTRICT,Ganganagar ,Urban,535432,285071,250361,371971,213973,157998
8,DISTRICT,Hanumangarh,Total,1774692,931184,843508,1034136,624281,409855
8,DISTRICT,Hanumangarh,Rural,1424228,746887,677341,802659,490362,312297
8,DISTRICT,Hanumangarh,Urban,350464,184297,166167,231477,133919,97558
8,DISTRICT,Bikaner,Total,2363937,1240801,1123136,1278801,782399,496402
8,DISTRICT,Bikaner,Rural,1563553,821434,742119,739204,471918,267286
8,DISTRICT,Bikaner,Urban,800384,419367,381017,539597,310481,229116
8,DISTRICT,Churu,Total,2039547,1051446,988101,1149269,696729,452540
8,DISTRICT,Churu,Rural,1463312,755028,708284,791499,486256,305243
8,DISTRICT,Churu,Urban,576235,296418,279817,357770,210473,147297
8,DISTRICT,Jhunjhunun,Total,2137045,1095896,1041149,1370360,815834,554526
8,DISTRICT,Jhunjhunun,Rural,1647966,842718,805248,1046549,625672,420877
8,DISTRICT,Jhunjhunun,Urban,489079,253178,235901,323811,190162,133649
8,DISTRICT,Alwar,Total,3674179,1939026,1735153,2182476,1359829,822647
8,DISTRICT,Alwar,Rural,3019728,1589508,1430220,1707998,1083730,624268
8,DISTRICT,Alwar,Urban,654451,349518,304933,474478,276099,198379
8,DISTRICT,Bharatpur,Total,2548462,1355726,1192736,1480869,943910,536959
8,DISTRICT,Bharatpur,Rural,2053363,1093357,960006,1143404,745044,398360
8,DISTRICT,Bharatpur,Urban,495099,262369,232730,337465,198866,138599
8,DISTRICT,Dhaulpur,Total,1206516,653647,552869,683098,435721,247377
8,DISTRICT,Dhaulpur,Rural,959066,520930,438136,530706,344607,186099
8,DISTRICT,Dhaulpur,Urban,247450,132717,114733,152392,91114,61278
8,DISTRICT,Karauli,Total,1458248,783639,674609,805849,531904,273945
8,DISTRICT,Karauli,Rural,1240143,668185,571958,671423,449812,221611
8,DISTRICT,Karauli,Urban,218105,115454,102651,134426,82092,52334
8,DISTRICT,Sawai Madhopur,Total,1335551,704031,631520,741748,486184,255564
8,DISTRICT,Sawai Madhopur,Rural,1069084,564592,504492,559632,378253,181379
8,DISTRICT,Sawai Madhopur,Urban,266467,139439,127028,182116,107931,74185
8,DISTRICT,Dausa,Total,1634409,857787,776622,938051,596935,341116
8,DISTRICT,Dausa,Rural,1432616,751900,680716,796783,513738,283045
8,DISTRICT,Dausa,Urban,201793,105887,95906,141268,83197,58071
8,DISTRICT,Jaipur,Total,6626178,3468507,3157671,4300965,2554793,1746172
8,DISTRICT,Jaipur,Rural,3154331,1642924,1511407,1807604,1142333,665271
8,DISTRICT,Jaipur,Urban,3471847,1825583,1646264,2493361,1412460,1080901
8,DISTRICT,Sikar,Total,2677333,1374990,1302343,1652117,995275,656842
8,DISTRICT,Sikar,Rural,2043427,1047469,995958,1240835,754783,486052
8,DISTRICT,Sikar,Urban,633906,327521,306385,411282,240492,170790
8,DISTRICT,Nagaur,Total,3307743,1696325,1611418,1758624,1102750,655874
8,DISTRICT,Nagaur,Rural,2670539,1368771,1301768,1375421,875237,500184
8,DISTRICT,Nagaur,Urban,637204,327554,309650,383203,227513,155690
8,DISTRICT,Jodhpur,Total,3687165,1923928,1763237,2031532,1265753,765779
8,DISTRICT,Jodhpur,Rural,2422551,1260328,1162223,1158340,765699,392641
8,DISTRICT,Jodhpur,Urban,1264614,663600,601014,873192,500054,373138
8,DISTRICT,Jaisalmer,Total,669919,361708,308211,308653,210415,98238
8,DISTRICT,Jaisalmer,Rural,580894,312447,268447,249289,173353,75936
8,DISTRICT,Jaisalmer,Urban,89025,49261,39764,59364,37062,22302
8,DISTRICT,Barmer,Total,2603751,1369022,1234729,1188322,783461,404861
8,DISTRICT,Barmer,Rural,2421914,1273249,1148665,1066665,710875,355790
8,DISTRICT,Barmer,Urban,181837,95773,86064,121657,72586,49071
8,DISTRICT,Jalor,Total,1828730,936634,892096,829582,543923,285659
8,DISTRICT,Jalor,Rural,1676975,857619,819356,737675,487407,250268
8,DISTRICT,Jalor,Urban,151755,79015,72740,91907,56516,35391
8,DISTRICT,Sirohi,Total,1036346,534231,502115,476806,309900,166906
8,DISTRICT,Sirohi,Rural,827692,424252,403440,333009,224113,108896
8,DISTRICT,Sirohi,Urban,208654,109979,98675,143797,85787,58010
8,DISTRICT,Pali,Total,2037573,1025422,1012151,1085693,667381,418312
8,DISTRICT,Pali,Rural,1577567,787559,790008,783788,488897,294891
8,DISTRICT,Pali,Urban,460006,237863,222143,301905,178484,123421
8,DISTRICT,Ajmer,Total,2583052,1324085,1258967,1526673,926268,600405
8,DISTRICT,Ajmer,Rural,1547642,789397,758245,765022,501770,263252
8,DISTRICT,Ajmer,Urban,1035410,534688,500722,761651,424498,337153
8,DISTRICT,Tonk,Total,1421326,728136,693190,749659,478329,271330
8,DISTRICT,Tonk,Rural,1103603,568045,535558,546702,364531,182171
8,DISTRICT,Tonk,Urban,317723,160091,157632,202957,113798,89159
8,DISTRICT,Bundi,Total,1110906,577160,533746,585044,371705,213339
8,DISTRICT,Bundi,Rural,888205,461734,426471,433518,283572,149946
8,DISTRICT,Bundi,Urban,222701,115426,107275,151526,88133,63393
8,DISTRICT,Bhilwara,Total,2408523,1220736,1187787,1256126,777582,478544
8,DISTRICT,Bhilwara,Rural,1895869,955378,940491,896937,572895,324042
8,DISTRICT,Bhilwara,Urban,512654,265358,247296,359189,204687,154502
8,DISTRICT,Rajsamand,Total,1156597,581339,575258,619139,383334,235805
8,DISTRICT,Rajsamand,Rural,972777,486960,485817,487405,308438,178967
8,DISTRICT,Rajsamand,Urban,183820,94379,89441,131734,74896,56838
8,DISTRICT,Dungarpur,Total,1388552,696532,692020,681591,415820,265771
8,DISTRICT,Dungarpur,Rural,1299809,651046,648763,615851,379571,236280
8,DISTRICT,Dungarpur,Urban,88743,45486,43257,65740,36249,29491
8,DISTRICT,Banswara,Total,1797485,907754,889731,829343,513854,315489
8,DISTRICT,Banswara,Rural,1669864,842767,827097,733930,462325,271605
8,DISTRICT,Banswara,Urban,127621,64987,62634,95413,51529,43884
8,DISTRICT,Chittaurgarh,Total,1544338,783171,761167,821825,514851,306974
8,DISTRICT,Chittaurgarh,Rural,1259074,636415,622659,614979,398512,216467
8,DISTRICT,Chittaurgarh,Urban,285264,146756,138508,206846,116339,90507
8,DISTRICT,Kota,Total,1951014,1021161,929853,1298345,765396,532949
8,DISTRICT,Kota,Rural,774410,401331,373079,456380,283078,173302
8,DISTRICT,Kota,Urban,1176604,619830,556774,841965,482318,359647
8,DISTRICT,Baran,Total,1222755,633945,588810,693307,432607,260700
8,DISTRICT,Baran,Rural,968541,502228,466313,521423,332591,188832
8,DISTRICT,Baran,Urban,254214,131717,122497,171884,100016,71868
8,DISTRICT,Jhalawar,Total,1411129,725143,685986,739792,466815,272977
8,DISTRICT,Jhalawar,Rural,1181838,606533,575305,578866,375242,203624
8,DISTRICT,Jhalawar,Urban,229291,118610,110681,160926,91573,69353
8,DISTRICT,Udaipur,Total,3068420,1566801,1501619,1582629,973444,609185
8,DISTRICT,Udaipur,Rural,2459994,1251316,1208678,1108846,712379,396467
8,DISTRICT,Udaipur,Urban,608426,315485,292941,473783,261065,212718
8,DISTRICT,Pratapgarh,Total,867848,437744,430104,401515,250122,151393
8,DISTRICT,Pratapgarh,Rural,796041,401171,394870,348072,220661,127411
8,DISTRICT,Pratapgarh,Urban,71807,36573,35234,53443,29461,23982
9,STATE,UTTAR PRADESH,Total,199812341,104480510,95331831,114397555,68234964,46162591
9,STATE,UTTAR PRADESH,Rural,155317278,80992995,74324283,85284680,51793688,33490992
9,STATE,UTTAR PRADESH,Urban,44495063,23487515,21007548,29112875,16441276,12671599
9,DISTRICT,Saharanpur,Total,3466382,1834106,1632276,2077108,1220114,856994
9,DISTRICT,Saharanpur,Rural,2399856,1269803,1130053,1390046,833060,556986
9,DISTRICT,Saharanpur,Urban,1066526,564303,502223,687062,387054,300008
9,DISTRICT,Muzaffarnagar,Total,4143512,2193434,1950078,2417339,1448528,968811
9,DISTRICT,Muzaffarnagar,Rural,2952200,1565004,1387196,1695394,1032545,662849
9,DISTRICT,Muzaffarnagar,Urban,1191312,628430,562882,721945,415983,305962
9,DISTRICT,Bijnor,Total,3682713,1921215,1761498,2135393,1241471,893922
9,DISTRICT,Bijnor,Rural,2757401,1438412,1318989,1596174,942936,653238
9,DISTRICT,Bijnor,Urban,925312,482803,442509,539219,298535,240684
9,DISTRICT,Moradabad,Total,4772006,2503186,2268820,2263848,1357435,906413
9,DISTRICT,Moradabad,Rural,3198383,1680022,1518361,1407142,879994,527148
9,DISTRICT,Moradabad,Urban,1573623,823164,750459,856706,477441,379265
9,DISTRICT,Rampur,Total,2335819,1223889,1111930,1043666,630408,413258
9,DISTRICT,Rampur,Rural,1747172,916878,830294,758979,470606,288373
9,DISTRICT,Rampur,Urban,588647,307011,281636,284687,159802,124885
9,DISTRICT,Jyotiba Phule Nagar,Total,1840221,963449,876772,983110,600541,382569
9,DISTRICT,Jyotiba Phule Nagar,Rural,1381508,724539,656969,729207,456283,272924
9,DISTRICT,Jyotiba Phule Nagar,Urban,458713,238910,219803,253903,144258,109645
9,DISTRICT,Meerut,Total,3443689,1825743,1617946,2141488,1254520,886968
9,DISTRICT,Meerut,Rural,1684507,894920,789587,1002668,606760,395908
9,DISTRICT,Meerut,Urban,1759182,930823,828359,1138820,647760,491060
9,DISTRICT,Baghpat,Total,1303048,700070,602978,797970,489858,308112
9,DISTRICT,Baghpat,Rural,1028023,553807,474216,626257,388481,237776
9,DISTRICT,Baghpat,Urban,275025,146263,128762,171713,101377,70336
9,DISTRICT,Ghaziabad,Total,4681645,2488834,2192811,3123264,1811397,1311867
9,DISTRICT,Ghaziabad,Rural,1519098,808222,710876,922310,558355,363955
9,DISTRICT,Ghaziabad,Urban,3162547,1680612,1481935,2200954,1253042,947912
9,DISTRICT,Gautam Buddha Nagar,Total,1648115,890214,757901,1122947,666065,456882
9,DISTRICT,Gautam Buddha Nagar,Rural,673806,359605,314201,421928,258660,163268
9,DISTRICT,Gautam Buddha Nagar,Urban,974309,530609,443700,701019,407405,293614
9,DISTRICT,Bulandshahr ,Total,3499171,1845260,1653911,2031656,1253314,778342
9,DISTRICT,Bulandshahr ,Rural,2631742,1390490,1241252,1517979,954110,563869
9,DISTRICT,Bulandshahr ,Urban,867429,454770,412659,513677,299204,214473
9,DISTRICT,Aligarh,Total,3673889,1951996,1721893,2092567,1283380,809187
9,DISTRICT,Aligarh,Rural,2456698,1308923,1147775,1382995,876316,506679
9,DISTRICT,Aligarh,Urban,1217191,643073,574118,709572,407064,302508
9,DISTRICT,Mahamaya Nagar,Total,1564708,836127,728581,942572,579157,363415
9,DISTRICT,Mahamaya Nagar,Rural,1232015,659814,572201,737968,461121,276847
9,DISTRICT,Mahamaya Nagar,Urban,332693,176313,156380,204604,118036,86568
9,DISTRICT,Mathura,Total,2547184,1367125,1180059,1507746,943346,564400
9,DISTRICT,Mathura,Rural,1791191,962028,829163,1021669,658485,363184
9,DISTRICT,Mathura,Urban,755993,405097,350896,486077,284861,201216
9,DISTRICT,Agra,Total,4418797,2364953,2053844,2680510,1614594,1065916
9,DISTRICT,Agra,Rural,2394602,1285184,1109418,1401109,882241,518868
9,DISTRICT,Agra,Urban,2024195,1079769,944426,1279401,732353,547048
9,DISTRICT,Firozabad,Total,2498156,1332046,1166110,1521806,912314,609492
9,DISTRICT,Firozabad,Rural,1664987,891872,773115,1016244,623082,393162
9,DISTRICT,Firozabad,Urban,833169,440174,392995,505562,289232,216330
9,DISTRICT,Mainpuri,Total,1868529,993377,875152,1203885,712110,491775
9,DISTRICT,Mainpuri,Rural,1580087,842374,737713,1005932,602521,403411
9,DISTRICT,Mainpuri,Urban,288442,151003,137439,197953,109589,88364
9,DISTRICT,Budaun,Total,3681896,1967759,1714137,1547477,986501,560976
9,DISTRICT,Budaun,Rural,3037301,1630376,1406925,1224505,799893,424612
9,DISTRICT,Budaun,Urban,644595,337383,307212,322972,186608,136364
9,DISTRICT,Bareilly,Total,4448359,2357665,2090694,2191759,1342697,849062
9,DISTRICT,Bareilly,Rural,2879950,1530356,1349594,1332606,846768,485838
9,DISTRICT,Bareilly,Urban,1568409,827309,741100,859153,495929,363224
9,DISTRICT,Pilibhit,Total,2031007,1072002,959005,1061095,654290,406805
9,DISTRICT,Pilibhit,Rural,1679592,886789,792803,861548,538786,322762
9,DISTRICT,Pilibhit,Urban,351415,185213,166202,199547,115504,84043
9,DISTRICT,Shahjahanpur,Total,3006538,1606403,1400135,1490930,915142,575788
9,DISTRICT,Shahjahanpur,Rural,2412446,1293714,1118732,1156822,725363,431459
9,DISTRICT,Shahjahanpur,Urban,594092,312689,281403,334108,189779,144329
9,DISTRICT,Kheri,Total,4021243,2123187,1898056,2034044,1237157,796887
9,DISTRICT,Kheri,Rural,3560208,1880679,1679529,1746934,1076152,670782
9,DISTRICT,Kheri,Urban,461035,242508,218527,287110,161005,126105
9,DISTRICT,Sitapur,Total,4483992,2375264,2108728,2283733,1397702,886031
9,DISTRICT,Sitapur,Rural,3953208,2098123,1855085,1952518,1214326,738192
9,DISTRICT,Sitapur,Urban,530784,277141,253643,331215,183376,147839
9,DISTRICT,Hardoi,Total,4092845,2191442,1901403,2221601,1374587,847014
9,DISTRICT,Hardoi,Rural,3551039,1906147,1644892,1883588,1182280,701308
9,DISTRICT,Hardoi,Urban,541806,285295,256511,338013,192307,145706
9,DISTRICT,Unnao,Total,3108367,1630087,1478280,1773584,1053063,720521
9,DISTRICT,Unnao,Rural,2576721,1351897,1224824,1423118,858153,564965
9,DISTRICT,Unnao,Urban,531646,278190,253456,350466,194910,155556
9,DISTRICT,Lucknow,Total,4589838,2394476,2195362,3127260,1742440,1384820
9,DISTRICT,Lucknow,Rural,1550842,813752,737090,900857,533656,367201
9,DISTRICT,Lucknow,Urban,3038996,1580724,1458272,2226403,1208784,1017619
9,DISTRICT,Rae Bareli,Total,3405559,1752542,1653017,1965843,1165965,799878
9,DISTRICT,Rae Bareli,Rural,3097564,1592449,1505115,1750026,1046389,703637
9,DISTRICT,Rae Bareli,Urban,307995,160093,147902,215817,119576,96241
9,DISTRICT,Farrukhabad,Total,1885204,1006240,878964,1092677,654827,437850
9,DISTRICT,Farrukhabad,Rural,1469019,785301,683718,827275,504652,322623
9,DISTRICT,Farrukhabad,Urban,416185,220939,195246,265402,150175,115227
9,DISTRICT,Kannauj,Total,1656616,881776,774840,1017087,603596,413491
9,DISTRICT,Kannauj,Rural,1375775,734245,641530,846493,506915,339578
9,DISTRICT,Kannauj,Urban,280841,147531,133310,170594,96681,73913
9,DISTRICT,Etawah,Total,1581810,845856,735954,1062003,623583,438420
9,DISTRICT,Etawah,Rural,1215511,652740,562771,798203,477378,320825
9,DISTRICT,Etawah,Urban,366299,193116,173183,263800,146205,117595
9,DISTRICT,Auraiya,Total,1379545,740040,639505,930836,546198,384638
9,DISTRICT,Auraiya,Rural,1145323,616494,528829,755923,449437,306486
9,DISTRICT,Auraiya,Urban,234222,123546,110676,174913,96761,78152
9,DISTRICT,Kanpur Dehat,Total,1796184,963255,832929,1170243,692964,477279
9,DISTRICT,Kanpur Dehat,Rural,1622761,871508,751253,1049386,625151,424235
9,DISTRICT,Kanpur Dehat,Urban,173423,91747,81676,120857,67813,53044
9,DISTRICT,Kanpur Nagar,Total,4581268,2459806,2121462,3243022,1829179,1413843
9,DISTRICT,Kanpur Nagar,Rural,1565623,837260,728363,1010152,594367,415785
9,DISTRICT,Kanpur Nagar,Urban,3015645,1622546,1393099,2232870,1234812,998058
9,DISTRICT,Jalaun ,Total,1689974,906092,783882,1075196,653430,421766
9,DISTRICT,Jalaun ,Rural,1271074,683656,587418,789966,489075,300891
9,DISTRICT,Jalaun ,Urban,418900,222436,196464,285230,164355,120875
9,DISTRICT,Jhansi,Total,1998603,1057436,941167,1304513,783705,520808
9,DISTRICT,Jhansi,Rural,1165119,615629,549490,702993,439201,263792
9,DISTRICT,Jhansi,Urban,833484,441807,391677,601520,344504,257016
9,DISTRICT,Lalitpur,Total,1221592,641011,580581,641191,397586,243605
9,DISTRICT,Lalitpur,Rural,1046214,549478,496736,517428,327392,190036
9,DISTRICT,Lalitpur,Urban,175378,91533,83845,123763,70194,53569
9,DISTRICT,Hamirpur,Total,1104285,593537,510748,653299,408125,245174
9,DISTRICT,Hamirpur,Rural,894437,481373,413064,511783,324610,187173
9,DISTRICT,Hamirpur,Urban,209848,112164,97684,141516,83515,58001
9,DISTRICT,Mahoba,Total,875958,466358,409600,488106,302283,185823
9,DISTRICT,Mahoba,Rural,690577,368009,322568,369716,232584,137132
9,DISTRICT,Mahoba,Urban,185381,98349,87032,118390,69699,48691
9,DISTRICT,Banda,Total,1799410,965876,833534,1002937,630626,372311
9,DISTRICT,Banda,Rural,1523655,819243,704412,811134,519162,291972
9,DISTRICT,Banda,Urban,275755,146633,129122,191803,111464,80339
9,DISTRICT,Chitrakoot,Total,991730,527721,464009,531072,330339,200733
9,DISTRICT,Chitrakoot,Rural,895398,476794,418604,467692,293502,174190
9,DISTRICT,Chitrakoot,Urban,96332,50927,45405,63380,36837,26543
9,DISTRICT,Fatehpur,Total,2632733,1384722,1248011,1512166,911003,601163
9,DISTRICT,Fatehpur,Rural,2310740,1215690,1095050,1298742,790476,508266
9,DISTRICT,Fatehpur,Urban,321993,169032,152961,213424,120527,92897
9,DISTRICT,Pratapgarh,Total,3209141,1606085,1603056,1931559,1121381,810178
9,DISTRICT,Pratapgarh,Rural,3033899,1515583,1518316,1809634,1053356,756278
9,DISTRICT,Pratapgarh,Urban,175242,90502,84740,121925,68025,53900
9,DISTRICT,Kaushambi,Total,1599596,838485,761111,813424,507279,306145
9,DISTRICT,Kaushambi,Rural,1475140,773335,701805,739042,464180,274862
9,DISTRICT,Kaushambi,Urban,124456,65150,59306,74382,43099,31283
9,DISTRICT,Allahabad ,Total,5954391,3131807,2822584,3665727,2199340,1466387
9,DISTRICT,Allahabad ,Rural,4481518,2340959,2140559,2584919,1587083,997836
9,DISTRICT,Allahabad ,Urban,1472873,790848,682025,1080808,612257,468551
9,DISTRICT,Bara Banki,Total,3260699,1707073,1553626,1692458,1010518,681940
9,DISTRICT,Bara Banki,Rural,2929896,1533455,1396441,1493624,899301,594323
9,DISTRICT,Bara Banki,Urban,330803,173618,157185,198834,111217,87617
9,DISTRICT,Faizabad,Total,2470996,1259628,1211368,1450901,838339,612562
9,DISTRICT,Faizabad,Rural,2130743,1079257,1051486,1209329,703072,506257
9,DISTRICT,Faizabad,Urban,340253,180371,159882,241572,135267,106305
9,DISTRICT,Ambedkar Nagar,Total,2397888,1212410,1185478,1486939,846676,640263
9,DISTRICT,Ambedkar Nagar,Rural,2117158,1067762,1049396,1299666,743063,556603
9,DISTRICT,Ambedkar Nagar,Urban,280730,144648,136082,187273,103613,83660
9,DISTRICT,Sultanpur,Total,3797117,1914586,1882531,2239902,1300248,939654
9,DISTRICT,Sultanpur,Rural,3597201,1810496,1786705,2093674,1219195,874479
9,DISTRICT,Sultanpur,Urban,199916,104090,95826,146228,81053,65175
9,DISTRICT,Bahraich,Total,3487731,1843884,1643847,1398368,878285,520083
9,DISTRICT,Bahraich,Rural,3203687,1695122,1508565,1230278,785971,444307
9,DISTRICT,Bahraich,Urban,284044,148762,135282,168090,92314,75776
9,DISTRICT,Shrawasti,Total,1117361,593897,523464,423313,276700,146613
9,DISTRICT,Shrawasti,Rural,1078712,573681,505031,402379,264837,137542
9,DISTRICT,Shrawasti,Urban,38649,20216,18433,20934,11863,9071
9,DISTRICT,Balrampur,Total,2148665,1114721,1033944,868357,544943,323414
9,DISTRICT,Balrampur,Rural,1982274,1027943,954331,773010,491213,281797
9,DISTRICT,Balrampur,Urban,166391,86778,79613,95347,53730,41617
9,DISTRICT,Gonda,Total,3433919,1787146,1646773,1679994,1034181,645813
9,DISTRICT,Gonda,Rural,3208890,1669058,1539832,1529165,950247,578918
9,DISTRICT,Gonda,Urban,225029,118088,106941,150829,83934,66895
9,DISTRICT,Siddharthnagar,Total,2559297,1295095,1264202,1228926,740718,488208
9,DISTRICT,Siddharthnagar,Rural,2398606,1212141,1186465,1131307,685236,446071
9,DISTRICT,Siddharthnagar,Urban,160691,82954,77737,97619,55482,42137
9,DISTRICT,Basti,Total,2464464,1255272,1209192,1393783,819719,574064
9,DISTRICT,Basti,Rural,2326367,1182846,1143521,1293319,763479,529840
9,DISTRICT,Basti,Urban,138097,72426,65671,100464,56240,44224
9,DISTRICT,Sant Kabir Nagar,Total,1715183,869656,845527,954949,567098,387851
9,DISTRICT,Sant Kabir Nagar,Rural,1586652,802609,784043,872802,519871,352931
9,DISTRICT,Sant Kabir Nagar,Urban,128531,67047,61484,82147,47227,34920
9,DISTRICT,Mahrajganj,Total,2684703,1381754,1302949,1419144,881674,537470
9,DISTRICT,Mahrajganj,Rural,2549973,1312126,1237847,1327176,829484,497692
9,DISTRICT,Mahrajganj,Urban,134730,69628,65102,91968,52190,39778
9,DISTRICT,Gorakhpur,Total,4440895,2277777,2163118,2700328,1593890,1106438
9,DISTRICT,Gorakhpur,Rural,3604766,1838726,1766040,2086628,1250910,835718
9,DISTRICT,Gorakhpur,Urban,836129,439051,397078,613700,342980,270720
9,DISTRICT,Kushinagar,Total,3564544,1818055,1746489,1954820,1183722,771098
9,DISTRICT,Kushinagar,Rural,3396437,1730377,1666060,1845751,1121845,723906
9,DISTRICT,Kushinagar,Urban,168107,87678,80429,109069,61877,47192
9,DISTRICT,Deoria,Total,3100946,1537436,1563510,1875239,1079288,795951
9,DISTRICT,Deoria,Rural,2784143,1373111,1411032,1654427,955289,699138
9,DISTRICT,Deoria,Urban,316803,164325,152478,220812,123999,96813
9,DISTRICT,Azamgarh,Total,4613913,2285004,2328909,2771917,1559414,1212503
9,DISTRICT,Azamgarh,Rural,4220512,2082707,2137805,2511143,1416457,1094686
9,DISTRICT,Azamgarh,Urban,393401,202297,191104,260774,142957,117817
9,DISTRICT,Mau,Total,2205968,1114709,1091259,1363044,773082,589962
9,DISTRICT,Mau,Rural,1706760,858843,847917,1035752,593606,442146
9,DISTRICT,Mau,Urban,499208,255866,243342,327292,179476,147816
9,DISTRICT,Ballia,Total,3239774,1672902,1566872,1963590,1160960,802630
9,DISTRICT,Ballia,Rural,2935665,1514018,1421647,1758635,1045031,713604
9,DISTRICT,Ballia,Urban,304109,158884,145225,204955,115929,89026
9,DISTRICT,Jaunpur,Total,4494204,2220465,2273739,2731677,1565394,1166283
9,DISTRICT,Jaunpur,Rural,4147624,2041217,2106407,2491044,1432198,1058846
9,DISTRICT,Jaunpur,Urban,346580,179248,167332,240633,133196,107437
9,DISTRICT,Ghazipur,Total,3620268,1855075,1765193,2197549,1293553,903996
9,DISTRICT,Ghazipur,Rural,3345908,1711651,1634257,2007741,1186471,821270
9,DISTRICT,Ghazipur,Urban,274360,143424,130936,189808,107082,82726
9,DISTRICT,Chandauli,Total,1952756,1017905,934851,1174606,699454,475152
9,DISTRICT,Chandauli,Rural,1710203,890630,819573,1014020,608563,405457
9,DISTRICT,Chandauli,Urban,242553,127275,115278,160586,90891,69695
9,DISTRICT,Varanasi,Total,3676841,1921857,1754984,2403903,1389116,1014787
9,DISTRICT,Varanasi,Rural,2079790,1076526,1003264,1301232,769456,531776
9,DISTRICT,Varanasi,Urban,1597051,845331,751720,1102671,619660,483011
9,DISTRICT,Sant Ravidas Nagar (Bhadohi),Total,1578213,807099,771114,910146,546782,363364
9,DISTRICT,Sant Ravidas Nagar (Bhadohi),Rural,1348911,686589,662322,767870,463952,303918
9,DISTRICT,Sant Ravidas Nagar (Bhadohi),Urban,229302,120510,108792,142276,82830,59446
9,DISTRICT,Mirzapur,Total,2496970,1312302,1184668,1428683,865837,562846
9,DISTRICT,Mirzapur,Rural,2149403,1127138,1022265,1201584,733853,467731
9,DISTRICT,Mirzapur,Urban,347567,185164,162403,227099,131984,95115
9,DISTRICT,Sonbhadra,Total,1862559,971344,891215,985708,601988,383720
9,DISTRICT,Sonbhadra,Rural,1548217,803345,744872,752876,468097,284779
9,DISTRICT,Sonbhadra,Urban,314342,167999,146343,232832,133891,98941
9,DISTRICT,Etah,Total,1774480,947339,827141,1055202,647042,408160
9,DISTRICT,Etah,Rural,1506338,805589,700749,877716,546586,331130
9,DISTRICT,Etah,Urban,268142,141750,126392,177486,100456,77030
9,DISTRICT,Kanshiram Nagar,Total,1436719,764165,672554,724850,452803,272047
9,DISTRICT,Kanshiram Nagar,Rural,1148512,612556,535956,565528,360562,204966
9,DISTRICT,Kanshiram Nagar,Urban,288207,151609,136598,159322,92241,67081
10,STATE,BIHAR,Total,104099452,54278157,49821295,52504553,31608023,20896530
10,STATE,BIHAR,Rural,92341436,48073850,44267586,44812152,27241830,17570322
10,STATE,BIHAR,Urban,11758016,6204307,5553709,7692401,4366193,3326208
10,DISTRICT,Pashchim Champaran,Total,3935042,2061110,1873932,1759481,1091226,668255
10,DISTRICT,Pashchim Champaran,Rural,3541877,1853809,1688068,1525404,956393,569011
10,DISTRICT,Pashchim Champaran,Urban,393165,207301,185864,234077,134833,99244
10,DISTRICT,Purba Champaran,Total,5099371,2681209,2418162,2276957,1407603,869354
10,DISTRICT,Purba Champaran,Rural,4698028,2468181,2229847,2038780,1269900,768880
10,DISTRICT,Purba Champaran,Urban,401343,213028,188315,238177,137703,100474
10,DISTRICT,Sheohar,Total,656246,346673,309573,283698,171645,112053
10,DISTRICT,Sheohar,Rural,628130,331792,296338,269623,163161,106462
10,DISTRICT,Sheohar,Urban,28116,14881,13235,14075,8484,5591
10,DISTRICT,Sitamarhi,Total,3423574,1803252,1620322,1436794,885188,551606
10,DISTRICT,Sitamarhi,Rural,3233076,1701685,1531391,1320969,818192,502777
10,DISTRICT,Sitamarhi,Urban,190498,101567,88931,115825,66996,48829
10,DISTRICT,Madhubani,Total,4487379,2329313,2158066,2155338,1340085,815253
10,DISTRICT,Madhubani,Rural,4325884,2244287,2081597,2058895,1283625,775270
10,DISTRICT,Madhubani,Urban,161495,85026,76469,96443,56460,39983
10,DISTRICT,Supaul,Total,2229076,1155283,1073793,1033283,647672,385611
10,DISTRICT,Supaul,Rural,2123518,1099495,1024023,969344,609988,359356
10,DISTRICT,Supaul,Urban,105558,55788,49770,63939,37684,26255
10,DISTRICT,Araria,Total,2811569,1463333,1348236,1195768,727643,468125
10,DISTRICT,Araria,Rural,2642792,1374254,1268538,1094403,669568,424835
10,DISTRICT,Araria,Urban,168777,89079,79698,101365,58075,43290
10,DISTRICT,Kishanganj,Total,1690400,866970,823430,745056,439921,305135
10,DISTRICT,Kishanganj,Rural,1529277,783318,745959,649466,386310,263156
10,DISTRICT,Kishanganj,Urban,161123,83652,77471,95590,53611,41979
10,DISTRICT,Purnia,Total,3264619,1699370,1565249,1332326,805261,527065
10,DISTRICT,Purnia,Rural,2921614,1519522,1402092,1121625,686513,435112
10,DISTRICT,Purnia,Urban,343005,179848,163157,210701,118748,91953
10,DISTRICT,Katihar,Total,3071029,1600430,1470599,1280190,762256,517934
10,DISTRICT,Katihar,Rural,2797207,1455744,1341463,1099757,660084,439673
10,DISTRICT,Katihar,Urban,273822,144686,129136,180433,102172,78261
10,DISTRICT,Madhepura,Total,2001762,1047559,954203,834577,517666,316911
10,DISTRICT,Madhepura,Rural,1913301,1000760,912541,780081,486207,293874
10,DISTRICT,Madhepura,Urban,88461,46799,41662,54496,31459,23037
10,DISTRICT,Saharsa,Total,1900661,997174,903487,804996,506374,298622
10,DISTRICT,Saharsa,Rural,1744121,913883,830238,706077,449094,256983
10,DISTRICT,Saharsa,Urban,156540,83291,73249,98919,57280,41639
10,DISTRICT,Darbhanga,Total,3937385,2059949,1877436,1816634,1125566,691068
10,DISTRICT,Darbhanga,Rural,3554057,1858545,1695512,1569893,984342,585551
10,DISTRICT,Darbhanga,Urban,383328,201404,181924,246741,141224,105517
10,DISTRICT,Muzaffarpur,Total,4801062,2527497,2273565,2509232,1487117,1022115
10,DISTRICT,Muzaffarpur,Rural,4327625,2276812,2050813,2180423,1304006,876417
10,DISTRICT,Muzaffarpur,Urban,473437,250685,222752,328809,183111,145698
10,DISTRICT,Gopalganj,Total,2562012,1267666,1294346,1382998,793905,589093
10,DISTRICT,Gopalganj,Rural,2399207,1184967,1214240,1280064,736279,543785
10,DISTRICT,Gopalganj,Urban,162805,82699,80106,102934,57626,45308
10,DISTRICT,Siwan,Total,3330464,1675090,1655374,1930175,1115906,814269
10,DISTRICT,Siwan,Rural,3147551,1579685,1567866,1807466,1046916,760550
10,DISTRICT,Siwan,Urban,182913,95405,87508,122709,68990,53719
10,DISTRICT,Saran,Total,3951862,2022821,1929041,2157454,1285767,871687
10,DISTRICT,Saran,Rural,3598660,1838119,1760541,1932589,1156940,775649
10,DISTRICT,Saran,Urban,353202,184702,168500,224865,128827,96038
10,DISTRICT,Vaishali,Total,3495021,1844535,1650486,1926740,1152576,774164
10,DISTRICT,Vaishali,Rural,3261942,1721221,1540721,1779987,1068503,711484
10,DISTRICT,Vaishali,Urban,233079,123314,109765,146753,84073,62680
10,DISTRICT,Samastipur,Total,4261566,2230003,2031563,2142880,1293575,849305
10,DISTRICT,Samastipur,Rural,4113769,2152273,1961496,2040582,1236255,804327
10,DISTRICT,Samastipur,Urban,147797,77730,70067,102298,57320,44978
10,DISTRICT,Begusarai,Total,2970541,1567660,1402881,1548673,918507,630166
10,DISTRICT,Begusarai,Rural,2400718,1266308,1134410,1205992,721880,484112
10,DISTRICT,Begusarai,Urban,569823,301352,268471,342681,196627,146054
10,DISTRICT,Khagaria,Total,1666886,883786,783100,768028,461153,306875
10,DISTRICT,Khagaria,Rural,1579727,837281,742446,712044,429300,282744
10,DISTRICT,Khagaria,Urban,87159,46505,40654,55984,31853,24131
10,DISTRICT,Bhagalpur,Total,3037766,1615663,1422103,1573066,937669,635397
10,DISTRICT,Bhagalpur,Rural,2435234,1295386,1139848,1183706,716790,466916
10,DISTRICT,Bhagalpur,Urban,602532,320277,282255,389360,220879,168481
10,DISTRICT,Banka,Total,2034763,1067140,967623,965321,590961,374360
10,DISTRICT,Banka,Rural,1963450,1029097,934353,921921,565932,355989
10,DISTRICT,Banka,Urban,71313,38043,33270,43400,25029,18371
10,DISTRICT,Munger,Total,1367765,729041,638724,801817,473741,328076
10,DISTRICT,Munger,Rural,987645,527299,460346,537021,324241,212780
10,DISTRICT,Munger,Urban,380120,201742,178378,264796,149500,115296
10,DISTRICT,Lakhisarai,Total,1000912,526345,474567,507270,305182,202088
10,DISTRICT,Lakhisarai,Rural,857901,450863,407038,422622,256145,166477
10,DISTRICT,Lakhisarai,Urban,143011,75482,67529,84648,49037,35611
10,DISTRICT,Sheikhpura,Total,636342,329743,306599,328676,196431,132245
10,DISTRICT,Sheikhpura,Rural,527340,272360,254980,264495,159124,105371
10,DISTRICT,Sheikhpura,Urban,109002,57383,51619,64181,37307,26874
10,DISTRICT,Nalanda,Total,2877653,1497060,1380593,1519933,919558,600375
10,DISTRICT,Nalanda,Rural,2419759,1257728,1162031,1232191,756523,475668
10,DISTRICT,Nalanda,Urban,457894,239332,218562,287742,163035,124707
10,DISTRICT,Patna,Total,5838465,3078512,2759953,3459679,2028047,1431632
10,DISTRICT,Patna,Rural,3323875,1746025,1577850,1690372,1035473,654899
10,DISTRICT,Patna,Urban,2514590,1332487,1182103,1769307,992574,776733
10,DISTRICT,Bhojpur,Total,2728407,1430380,1298027,1599151,973486,625665
10,DISTRICT,Bhojpur,Rural,2338546,1224274,1114272,1339063,824719,514344
10,DISTRICT,Bhojpur,Urban,389861,206106,183755,260088,148767,111321
10,DISTRICT,Buxar,Total,1706352,887977,818375,989807,593544,396263
10,DISTRICT,Buxar,Rural,1541853,801086,740767,878180,530083,348097
10,DISTRICT,Buxar,Urban,164499,86891,77608,111627,63461,48166
10,DISTRICT,Kaimur (Bhabua),Total,1626384,847006,779378,920276,549923,370353
10,DISTRICT,Kaimur (Bhabua),Rural,1560813,812298,748515,874045,523725,350320
10,DISTRICT,Kaimur (Bhabua),Urban,65571,34708,30863,46231,26198,20033
10,DISTRICT,Rohtas,Total,2959918,1543546,1416372,1799832,1061783,738049
10,DISTRICT,Rohtas,Rural,2532153,1318276,1213877,1514047,898959,615088
10,DISTRICT,Rohtas,Urban,427765,225270,202495,285785,162824,122961
10,DISTRICT,Aurangabad,Total,2540073,1318684,1221389,1466002,868733,597269
10,DISTRICT,Aurangabad,Rural,2303219,1194619,1108600,1308038,779572,528466
10,DISTRICT,Aurangabad,Urban,236854,124065,112789,157964,89161,68803
10,DISTRICT,Gaya,Total,4391418,2266566,2124852,2297613,1368803,928810
10,DISTRICT,Gaya,Rural,3809817,1960592,1849225,1895908,1143417,752491
10,DISTRICT,Gaya,Urban,581601,305974,275627,401705,225386,176319
10,DISTRICT,Nawada,Total,2219146,1144668,1074478,1091012,659474,431538
10,DISTRICT,Nawada,Rural,2003567,1031656,971911,954092,582080,372012
10,DISTRICT,Nawada,Urban,215579,113012,102567,136920,77394,59526
10,DISTRICT,Jamui,Total,1760405,916064,844341,858588,534385,324203
10,DISTRICT,Jamui,Rural,1615072,839776,775296,767311,481184,286127
10,DISTRICT,Jamui,Urban,145333,76288,69045,91277,53201,38076
10,DISTRICT,Jehanabad ,Total,1125313,585582,539731,618881,374412,244469
10,DISTRICT,Jehanabad ,Rural,990117,514154,475963,531441,324140,207301
10,DISTRICT,Jehanabad ,Urban,135196,71428,63768,87440,50272,37168
10,DISTRICT,Arwal,Total,700843,363497,337346,386351,235279,151072
10,DISTRICT,Arwal,Rural,648994,336420,312574,354235,216267,137968
10,DISTRICT,Arwal,Urban,51849,27077,24772,32116,19012,13104
11,STATE,SIKKIM,Total,610577,323070,287507,444952,251269,193683
11,STATE,SIKKIM,Rural,456999,242797,214202,321930,184245,137685
11,STATE,SIKKIM,Urban,153578,80273,73305,123022,67024,55998
11,DISTRICT,North  District,Total,43709,24730,18979,30450,18579,11871
11,DISTRICT,North  District,Rural,39065,22274,16791,27048,16694,10354
11,DISTRICT,North  District,Urban,4644,2456,2188,3402,1885,1517
11,DISTRICT,West District,Total,136435,70238,66197,93432,51988,41444
11,DISTRICT,West District,Rural,131187,67528,63659,89225,49711,39514
11,DISTRICT,West District,Urban,5248,2710,2538,4207,2277,1930
11,DISTRICT,South District,Total,146850,76670,70180,106741,59357,47384
11,DISTRICT,South District,Rural,125651,65848,59803,89766,50339,39427
11,DISTRICT,South District,Urban,21199,10822,10377,16975,9018,7957
11,DISTRICT,East District,Total,283583,151432,132151,214329,121345,92984
11,DISTRICT,East District,Rural,161096,87147,73949,115891,67501,48390
11,DISTRICT,East District,Urban,122487,64285,58202,98438,53844,44594
12,STATE,ARUNACHAL PRADESH,Total,1383727,713912,669815,766005,439868,326137
12,STATE,ARUNACHAL PRADESH,Rural,1066358,546011,520347,535902,309390,226512
12,STATE,ARUNACHAL PRADESH,Urban,317369,167901,149468,230103,130478,99625
12,DISTRICT,Tawang,Total,49977,29151,20826,26073,17720,8353
12,DISTRICT,Tawang,Rural,38775,20792,17983,16519,10035,6484
12,DISTRICT,Tawang,Urban,11202,8359,2843,9554,7685,1869
12,DISTRICT,West Kameng,Total,83947,46155,37792,48492,29566,18926
12,DISTRICT,West Kameng,Rural,68015,37809,30206,37463,23353,14110
12,DISTRICT,West Kameng,Urban,15932,8346,7586,11029,6213,4816
12,DISTRICT,East Kameng,Total,78690,38775,39915,38449,21599,16850
12,DISTRICT,East Kameng,Rural,60340,29506,30834,26914,15103,11811
12,DISTRICT,East Kameng,Urban,18350,9269,9081,11535,6496,5039
12,DISTRICT,Papum Pare,Total,176573,89182,87391,121048,65794,55254
12,DISTRICT,Papum Pare,Rural,79610,39935,39675,49601,27273,22328
12,DISTRICT,Papum Pare,Urban,96963,49247,47716,71447,38521,32926
12,DISTRICT,Upper Subansiri,Total,83448,41758,41690,45278,24807,20471
12,DISTRICT,Upper Subansiri,Rural,70043,34840,35203,36059,19615,16444
12,DISTRICT,Upper Subansiri,Urban,13405,6918,6487,9219,5192,4027
12,DISTRICT,West Siang,Total,112274,58168,54106,64746,36777,27969
12,DISTRICT,West Siang,Rural,87306,44687,42619,45874,25933,19941
12,DISTRICT,West Siang,Urban,24968,13481,11487,18872,10844,8028
12,DISTRICT,East Siang,Total,99214,50116,49098,62576,34210,28366
12,DISTRICT,East Siang,Rural,71579,36147,35432,43064,23694,19370
12,DISTRICT,East Siang,Urban,27635,13969,13666,19512,10516,8996
12,DISTRICT,Upper Siang,Total,35320,18699,16621,18195,10723,7472
12,DISTRICT,Upper Siang,Rural,28780,15335,13445,13718,8280,5438
12,DISTRICT,Upper Siang,Urban,6540,3364,3176,4477,2443,2034
12,DISTRICT,Changlang,Total,148226,76948,71278,73174,44027,29147
12,DISTRICT,Changlang,Rural,128998,66283,62715,58747,35423,23324
12,DISTRICT,Changlang,Urban,19228,10665,8563,14427,8604,5823
12,DISTRICT,Tirap,Total,111975,57604,54371,47974,29313,18661
12,DISTRICT,Tirap,Rural,91165,46185,44980,33299,20628,12671
12,DISTRICT,Tirap,Urban,20810,11419,9391,14675,8685,5990
12,DISTRICT,Lower Subansiri,Total,83030,41843,41187,54057,29470,24587
12,DISTRICT,Lower Subansiri,Rural,70224,35460,34764,44328,24376,19952
12,DISTRICT,Lower Subansiri,Urban,12806,6383,6423,9729,5094,4635
12,DISTRICT,Kurung Kumey,Total,92076,45318,46758,36606,20258,16348
12,DISTRICT,Kurung Kumey,Rural,89731,44072,45659,35299,19486,15813
12,DISTRICT,Kurung Kumey,Urban,2345,1246,1099,1307,772,535
12,DISTRICT,Dibang Valley,Total,8004,4414,3590,4436,2614,1822
12,DISTRICT,Dibang Valley,Rural,5620,3098,2522,2692,1587,1105
12,DISTRICT,Dibang Valley,Urban,2384,1316,1068,1744,1027,717
12,DISTRICT,Lower Dibang Valley,Total,54080,28053,26027,31849,18087,13762
12,DISTRICT,Lower Dibang Valley,Rural,42691,21989,20702,22805,13079,9726
12,DISTRICT,Lower Dibang Valley,Urban,11389,6064,5325,9044,5008,4036
12,DISTRICT,Lohit,Total,145726,76221,69505,83062,48380,34682
12,DISTRICT,Lohit,Rural,113296,58991,54305,60252,35452,24800
12,DISTRICT,Lohit,Urban,32430,17230,15200,22810,12928,9882
12,DISTRICT,Anjaw,Total,21167,11507,9660,9990,6523,3467
12,DISTRICT,Anjaw,Rural,20185,10882,9303,9268,6073,3195
12,DISTRICT,Anjaw,Urban,982,625,357,722,450,272
13,STATE,NAGALAND,Total,1978502,1024649,953853,1342434,723957,618477
13,STATE,NAGALAND,Rural,1407536,725472,682064,896663,484021,412642
13,STATE,NAGALAND,Urban,570966,299177,271789,445771,239936,205835
13,DISTRICT,Mon,Total,250260,131753,118507,119626,67432,52194
13,DISTRICT,Mon,Rural,215816,113469,102347,94931,53938,40993
13,DISTRICT,Mon,Urban,34444,18284,16160,24695,13494,11201
13,DISTRICT,Mokokchung,Total,194622,101092,93530,159494,83479,76015
13,DISTRICT,Mokokchung,Rural,138897,71373,67524,112611,58307,54304
13,DISTRICT,Mokokchung,Urban,55725,29719,26006,46883,25172,21711
13,DISTRICT,Zunheboto,Total,140757,71217,69540,102881,53504,49377
13,DISTRICT,Zunheboto,Rural,113160,56786,56374,80149,41377,38772
13,DISTRICT,Zunheboto,Urban,27597,14431,13166,22732,12127,10605
13,DISTRICT,Wokha,Total,166343,84505,81838,128208,67385,60823
13,DISTRICT,Wokha,Rural,131339,66435,64904,98221,51667,46554
13,DISTRICT,Wokha,Urban,35004,18070,16934,29987,15718,14269
13,DISTRICT,Dimapur ,Total,378811,197394,181417,278037,150142,127895
13,DISTRICT,Dimapur ,Rural,180942,93435,87507,126822,68340,58482
13,DISTRICT,Dimapur ,Urban,197869,103959,93910,151215,81802,69413
13,DISTRICT,Phek,Total,163418,83743,79675,105893,57926,47967
13,DISTRICT,Phek,Rural,138843,70529,68314,87233,47337,39896
13,DISTRICT,Phek,Urban,24575,13214,11361,18660,10589,8071
13,DISTRICT,Tuensang,Total,196596,101933,94663,117511,63653,53858
13,DISTRICT,Tuensang,Rural,159822,82462,77360,88952,48113,40839
13,DISTRICT,Tuensang,Urban,36774,19471,17303,28559,15540,13019
13,DISTRICT,Longleng,Total,50484,26502,23982,29859,16139,13720
13,DISTRICT,Longleng,Rural,42871,22511,20360,24018,13016,11002
13,DISTRICT,Longleng,Urban,7613,3991,3622,5841,3123,2718
13,DISTRICT,Kiphire,Total,74004,37830,36174,41232,22675,18557
13,DISTRICT,Kiphire,Rural,57517,29243,28274,29387,16255,13132
13,DISTRICT,Kiphire,Urban,16487,8587,7900,11845,6420,5425
13,DISTRICT,Kohima,Total,267988,138966,129022,197489,107038,90451
13,DISTRICT,Kohima,Rural,146900,76369,70531,101984,56271,45713
13,DISTRICT,Kohima,Urban,121088,62597,58491,95505,50767,44738
13,DISTRICT,Peren,Total,95219,49714,45505,62204,34584,27620
13,DISTRICT,Peren,Rural,81429,42860,38569,52355,29400,22955
13,DISTRICT,Peren,Urban,13790,6854,6936,9849,5184,4665
14,STATE,MANIPUR,Total,2855794,1438586,1417208,1908476,1039858,868618
14,STATE,MANIPUR,Rural,2021640,1026884,994756,1282859,710134,572725
14,STATE,MANIPUR,Urban,834154,411702,422452,625617,329724,295893
14,DISTRICT,Senapati,Total,479148,247323,231825,264477,148012,116465
14,DISTRICT,Senapati,Rural,471672,243603,228069,258978,145129,113849
14,DISTRICT,Senapati,Urban,7476,3720,3756,5499,2883,2616
14,DISTRICT,Tamenglong ,Total,140651,72371,68280,85006,47403,37603
14,DISTRICT,Tamenglong ,Rural,121288,62534,58754,70502,39729,30773
14,DISTRICT,Tamenglong ,Urban,19363,9837,9526,14504,7674,6830
14,DISTRICT,Churachandpur,Total,274143,138820,135323,195935,104013,91922
14,DISTRICT,Churachandpur,Rural,255786,129659,126127,181518,96504,85014
14,DISTRICT,Churachandpur,Urban,18357,9161,9196,14417,7509,6908
14,DISTRICT,Bishnupur,Total,237399,118782,118617,156333,87313,69020
14,DISTRICT,Bishnupur,Rural,149894,75171,74723,95558,54031,41527
14,DISTRICT,Bishnupur,Urban,87505,43611,43894,60775,33282,27493
14,DISTRICT,Thoubal,Total,422168,210845,211323,269304,152617,116687
14,DISTRICT,Thoubal,Rural,270835,135470,135365,164370,94714,69656
14,DISTRICT,Thoubal,Urban,151333,75375,75958,104934,57903,47031
14,DISTRICT,Imphal West,Total,517992,255054,262938,392626,205985,186641
14,DISTRICT,Imphal West,Rural,195113,96948,98165,139391,74969,64422
14,DISTRICT,Imphal West,Urban,322879,158106,164773,253235,131016,122219
14,DISTRICT,Imphal East,Total,456113,226094,230019,324664,173314,151350
14,DISTRICT,Imphal East,Rural,272906,136789,136117,183881,100937,82944
14,DISTRICT,Imphal East,Urban,183207,89305,93902,140783,72377,68406
14,DISTRICT,Ukhrul,Total,183998,94718,89280,129829,70148,59681
14,DISTRICT,Ukhrul,Rural,156811,80801,76010,108644,58978,49666
14,DISTRICT,Ukhrul,Urban,27187,13917,13270,21185,11170,10015
14,DISTRICT,Chandel,Total,144182,74579,69603,90302,51053,39249
14,DISTRICT,Chandel,Rural,127335,65909,61426,80017,45143,34874
14,DISTRICT,Chandel,Urban,16847,8670,8177,10285,5910,4375
15,STATE,MIZORAM,Total,1097206,555339,541867,848175,438529,409646
15,STATE,MIZORAM,Rural,525435,269135,256300,363334,195400,167934
15,STATE,MIZORAM,Urban,571771,286204,285567,484841,243129,241712
15,DISTRICT,Mamit,Total,86364,44828,41536,60191,32977,27214
15,DISTRICT,Mamit,Rural,71465,37135,34330,48174,26732,21442
15,DISTRICT,Mamit,Urban,14899,7693,7206,12017,6245,5772
15,DISTRICT,Kolasib,Total,83955,42918,41037,65895,34147,31748
15,DISTRICT,Kolasib,Rural,37077,19097,17980,27270,14387,12883
15,DISTRICT,Kolasib,Urban,46878,23821,23057,38625,19760,18865
15,DISTRICT,Aizawl,Total,400309,199270,201039,340595,169547,171048
15,DISTRICT,Aizawl,Rural,85555,43780,41775,69775,35914,33861
15,DISTRICT,Aizawl,Urban,314754,155490,159264,270820,133633,137187
15,DISTRICT,Champhai,Total,125745,63388,62357,100802,51440,49362
15,DISTRICT,Champhai,Rural,77216,39110,38106,61022,31380,29642
15,DISTRICT,Champhai,Urban,48529,24278,24251,39780,20060,19720
15,DISTRICT,Serchhip,Total,64937,32851,32086,54476,27598,26878
15,DISTRICT,Serchhip,Rural,32918,16643,16275,27094,13747,13347
15,DISTRICT,Serchhip,Urban,32019,16208,15811,27382,13851,13531
15,DISTRICT,Lunglei,Total,161428,82891,78537,121122,64515,56607
15,DISTRICT,Lunglei,Rural,92676,47577,45099,62114,34067,28047
15,DISTRICT,Lunglei,Urban,68752,35314,33438,59008,30448,28560
15,DISTRICT,Lawngtlai,Total,117894,60599,57295,62861,36444,26417
15,DISTRICT,Lawngtlai,Rural,97064,49940,47124,45922,27644,18278
15,DISTRICT,Lawngtlai,Urban,20830,10659,10171,16939,8800,8139
15,DISTRICT,Saiha,Total,56574,28594,27980,42233,21861,20372
15,DISTRICT,Saiha,Rural,31464,15853,15611,21963,11529,10434
15,DISTRICT,Saiha,Urban,25110,12741,12369,20270,10332,9938
16,STATE,TRIPURA,Total,3673917,1874376,1799541,2804783,1501369,1303414
16,STATE,TRIPURA,Rural,2712464,1387173,1325291,1992773,1081503,911270
16,STATE,TRIPURA,Urban,961453,487203,474250,812010,419866,392144
16,DISTRICT,West Tripura ,Total,1725739,879428,846311,1361354,722998,638356
16,DISTRICT,West Tripura ,Rural,1048101,536720,511381,789002,427581,361421
16,DISTRICT,West Tripura ,Urban,677638,342708,334930,572352,295417,276935
16,DISTRICT,South Tripura ,Total,876001,447544,428457,646810,351082,295728
16,DISTRICT,South Tripura ,Rural,752970,384787,368183,542886,296820,246066
16,DISTRICT,South Tripura ,Urban,123031,62757,60274,103924,54262,49662
16,DISTRICT,Dhalai,Total,378230,194544,183686,276217,151643,124574
16,DISTRICT,Dhalai,Rural,337731,173773,163958,241818,133640,108178
16,DISTRICT,Dhalai,Urban,40499,20771,19728,34399,18003,16396
16,DISTRICT,North Tripura,Total,693947,352860,341087,520402,275646,244756
16,DISTRICT,North Tripura,Rural,573662,291893,281769,419067,223462,195605
16,DISTRICT,North Tripura,Urban,120285,60967,59318,101335,52184,49151
17,STATE,MEGHALAYA,Total,2966889,1491832,1475057,1785005,913879,871126
17,STATE,MEGHALAYA,Rural,2371439,1194260,1177179,1315154,675636,639518
17,STATE,MEGHALAYA,Urban,595450,297572,297878,469851,238243,231608
17,DISTRICT,West Garo Hills,Total,643291,324159,319132,358702,193438,165264
17,DISTRICT,West Garo Hills,Rural,568433,286923,281510,298448,163020,135428
17,DISTRICT,West Garo Hills,Urban,74858,37236,37622,60254,30418,29836
17,DISTRICT,East Garo Hills,Total,317917,161223,156694,192147,102513,89634
17,DISTRICT,East Garo Hills,Rural,273725,138763,134962,157893,84705,73188
17,DISTRICT,East Garo Hills,Urban,44192,22460,21732,34254,17808,16446
17,DISTRICT,South Garo Hills,Total,142334,73170,69164,82062,45003,37059
17,DISTRICT,South Garo Hills,Rural,129203,66470,62733,72275,39880,32395
17,DISTRICT,South Garo Hills,Urban,13131,6700,6431,9787,5123,4664
17,DISTRICT,West Khasi Hills,Total,383461,193715,189746,230678,117307,113371
17,DISTRICT,West Khasi Hills,Rural,340356,172380,167976,200573,102493,98080
17,DISTRICT,West Khasi Hills,Urban,43105,21335,21770,30105,14814,15291
17,DISTRICT,Ribhoi,Total,258840,132531,126309,155859,80977,74882
17,DISTRICT,Ribhoi,Rural,233587,118705,114882,137817,70682,67135
17,DISTRICT,Ribhoi,Urban,25253,13826,11427,18042,10295,7747
17,DISTRICT,East Khasi Hills,Total,825922,410749,415173,578030,287270,290760
17,DISTRICT,East Khasi Hills,Rural,459441,228409,231032,283008,138245,144763
17,DISTRICT,East Khasi Hills,Urban,366481,182340,184141,295022,149025,145997
17,DISTRICT,Jaintia Hills,Total,395124,196285,198839,187527,87371,100156
17,DISTRICT,Jaintia Hills,Rural,366694,182610,184084,165140,76611,88529
17,DISTRICT,Jaintia Hills,Urban,28430,13675,14755,22387,10760,11627
18,STATE,ASSAM,Total,31205576,15939443,15266133,19177977,10568639,8609338
18,STATE,ASSAM,Rural,26807034,13678989,13128045,15685436,8706193,6979243
18,STATE,ASSAM,Urban,4398542,2260454,2138088,3492541,1862446,1630095
18,DISTRICT,Kokrajhar,Total,887142,452905,434237,489305,275220,214085
18,DISTRICT,Kokrajhar,Rural,832201,424446,407755,445890,251658,194232
18,DISTRICT,Kokrajhar,Urban,54941,28459,26482,43415,23562,19853
18,DISTRICT,Dhubri,Total,1949258,997848,951410,922341,511551,410790
18,DISTRICT,Dhubri,Rural,1745557,893914,851643,773646,431395,342251
18,DISTRICT,Dhubri,Urban,203701,103934,99767,148695,80156,68539
18,DISTRICT,Goalpara,Total,1008183,513292,494891,563577,304302,259275
18,DISTRICT,Goalpara,Rural,870121,443244,426877,473388,256085,217303
18,DISTRICT,Goalpara,Urban,138062,70048,68014,90189,48217,41972
18,DISTRICT,Barpeta,Total,1693622,867004,826618,897058,499038,398020
18,DISTRICT,Barpeta,Rural,1546269,791789,754480,782462,437702,344760
18,DISTRICT,Barpeta,Urban,147353,75215,72138,114596,61336,53260
18,DISTRICT,Morigaon,Total,957423,486651,470772,539902,289698,250204
18,DISTRICT,Morigaon,Rural,884125,449123,435002,485530,260603,224927
18,DISTRICT,Morigaon,Urban,73298,37528,35770,54372,29095,25277
18,DISTRICT,Nagaon,Total,2823768,1439112,1384656,1710716,921850,788866
18,DISTRICT,Nagaon,Rural,2454234,1250985,1203249,1422500,769517,652983
18,DISTRICT,Nagaon,Urban,369534,188127,181407,288216,152333,135883
18,DISTRICT,Sonitpur,Total,1924110,983904,940206,1108572,620525,488047
18,DISTRICT,Sonitpur,Rural,1750265,894985,855280,967739,546151,421588
18,DISTRICT,Sonitpur,Urban,173845,88919,84926,140833,74374,66459
18,DISTRICT,Lakhimpur,Total,1042137,529674,512463,683486,375552,307934
18,DISTRICT,Lakhimpur,Rural,950804,482582,468222,613176,337806,275370
18,DISTRICT,Lakhimpur,Urban,91333,47092,44241,70310,37746,32564
18,DISTRICT,Dhemaji,Total,686133,351249,334884,423028,237761,185267
18,DISTRICT,Dhemaji,Rural,637848,326278,311570,387412,218382,169030
18,DISTRICT,Dhemaji,Urban,48285,24971,23314,35616,19379,16237
18,DISTRICT,Tinsukia,Total,1327929,680231,647698,798322,453449,344873
18,DISTRICT,Tinsukia,Rural,1063186,541395,521791,590609,339871,250738
18,DISTRICT,Tinsukia,Urban,264743,138836,125907,207713,113578,94135
18,DISTRICT,Dibrugarh,Total,1326335,676434,649901,884531,491361,393170
18,DISTRICT,Dibrugarh,Rural,1082605,550299,532306,685573,385122,300451
18,DISTRICT,Dibrugarh,Urban,243730,126135,117595,198958,106239,92719
18,DISTRICT,Sivasagar,Total,1151050,589216,561834,813505,444767,368738
18,DISTRICT,Sivasagar,Rural,1040954,531286,509668,723490,396272,327218
18,DISTRICT,Sivasagar,Urban,110096,57930,52166,90015,48495,41520
18,DISTRICT,Jorhat,Total,1092256,556805,535451,794929,432335,362594
18,DISTRICT,Jorhat,Rural,871722,442968,428754,614748,336698,278050
18,DISTRICT,Jorhat,Urban,220534,113837,106697,180181,95637,84544
18,DISTRICT,Golaghat,Total,1066888,543161,523727,721764,396475,325289
18,DISTRICT,Golaghat,Rural,969152,493125,476027,640978,354039,286939
18,DISTRICT,Golaghat,Urban,97736,50036,47700,80786,42436,38350
18,DISTRICT,Karbi Anglong,Total,956313,490167,466146,557214,314253,242961
18,DISTRICT,Karbi Anglong,Rural,843347,431924,411423,470110,267214,202896
18,DISTRICT,Karbi Anglong,Urban,112966,58243,54723,87104,47039,40065
18,DISTRICT,Dima Hasao,Total,214102,110802,103300,140873,78559,62314
18,DISTRICT,Dima Hasao,Rural,151613,77817,73796,90009,50658,39351
18,DISTRICT,Dima Hasao,Urban,62489,32985,29504,50864,27901,22963
18,DISTRICT,Cachar,Total,1736617,886284,850333,1174128,639946,534182
18,DISTRICT,Cachar,Rural,1421153,727083,694070,923736,509621,414115
18,DISTRICT,Cachar,Urban,315464,159201,156263,250392,130325,120067
18,DISTRICT,Karimganj,Total,1228686,625864,602822,795297,435942,359355
18,DISTRICT,Karimganj,Rural,1118986,570510,548476,704260,388846,315414
18,DISTRICT,Karimganj,Urban,109700,55354,54346,91037,47096,43941
18,DISTRICT,Hailakandi,Total,659296,337890,321406,407366,226836,180530
18,DISTRICT,Hailakandi,Rural,611156,313747,297409,366962,206089,160873
18,DISTRICT,Hailakandi,Urban,48140,24143,23997,40404,20747,19657
18,DISTRICT,Bongaigaon,Total,738804,375818,362986,434078,237114,196964
18,DISTRICT,Bongaigaon,Rural,628994,319786,309208,347869,191158,156711
18,DISTRICT,Bongaigaon,Urban,109810,56032,53778,86209,45956,40253
18,DISTRICT,Chirang,Total,482162,244860,237302,259902,145869,114033
18,DISTRICT,Chirang,Rural,446825,226895,219930,234463,132102,102361
18,DISTRICT,Chirang,Urban,35337,17965,17372,25439,13767,11672
18,DISTRICT,Kamrup,Total,1517542,778461,739081,995319,550219,445100
18,DISTRICT,Kamrup,Rural,1375148,706140,669008,881782,489607,392175
18,DISTRICT,Kamrup,Urban,142394,72321,70073,113537,60612,52925
18,DISTRICT,Kamrup Metropolitan,Total,1253938,647585,606353,1001191,537227,463964
18,DISTRICT,Kamrup Metropolitan,Rural,216927,111062,105865,144941,80103,64838
18,DISTRICT,Kamrup Metropolitan,Urban,1037011,536523,500488,856250,457124,399126
18,DISTRICT,Nalbari,Total,771639,396006,375633,531771,293184,238587
18,DISTRICT,Nalbari,Rural,688909,353677,335232,464211,257140,207071
18,DISTRICT,Nalbari,Urban,82730,42329,40401,67560,36044,31516
18,DISTRICT,Baksa,Total,950075,481330,468745,572837,322614,250223
18,DISTRICT,Baksa,Rural,937833,475027,462806,564860,318180,246680
18,DISTRICT,Baksa,Urban,12242,6303,5939,7977,4434,3543
18,DISTRICT,Darrang,Total,928500,475273,453227,487039,268666,218373
18,DISTRICT,Darrang,Rural,873006,446460,426546,444075,245311,198764
18,DISTRICT,Darrang,Urban,55494,28813,26681,42964,23355,19609
18,DISTRICT,Udalguri,Total,831668,421617,410051,469926,264326,205600
18,DISTRICT,Udalguri,Rural,794094,402442,391652,441017,248863,192154
18,DISTRICT,Udalguri,Urban,37574,19175,18399,28909,15463,13446
19,STATE,WEST BENGAL,Total,91276115,46809027,44467088,61538281,33818810,27719471
19,STATE,WEST BENGAL,Rural,62183113,31844945,30338168,39213779,21848197,17365582
19,STATE,WEST BENGAL,Urban,29093002,14964082,14128920,22324502,11970613,10353889
19,DISTRICT,Darjiling ,Total,1846823,937259,909564,1315585,717673,597912
19,DISTRICT,Darjiling ,Rural,1118860,566965,551895,736824,410782,326042
19,DISTRICT,Darjiling ,Urban,727963,370294,357669,578761,306891,271870
19,DISTRICT,Jalpaiguri ,Total,3872846,1983064,1889782,2498780,1396622,1102158
19,DISTRICT,Jalpaiguri ,Rural,2812495,1437286,1375209,1716304,972356,743948
19,DISTRICT,Jalpaiguri ,Urban,1060351,545778,514573,782476,424266,358210
19,DISTRICT,Koch Bihar ,Total,2819086,1451542,1367544,1850504,1028733,821771
19,DISTRICT,Koch Bihar ,Rural,2529652,1304916,1224736,1617223,906392,710831
19,DISTRICT,Koch Bihar ,Urban,289434,146626,142808,233281,122341,110940
19,DISTRICT,Uttar Dinajpur,Total,3007134,1551066,1456068,1489667,853495,636172
19,DISTRICT,Uttar Dinajpur,Rural,2644906,1362469,1282437,1233289,713641,519648
19,DISTRICT,Uttar Dinajpur,Urban,362228,188597,173631,256378,139854,116524
19,DISTRICT,Dakshin Dinajpur,Total,1676276,857199,819077,1083685,596474,487211
19,DISTRICT,Dakshin Dinajpur,Rural,1439981,737771,702210,890661,495597,395064
19,DISTRICT,Dakshin Dinajpur,Urban,236295,119428,116867,193024,100877,92147
19,DISTRICT,Maldah ,Total,3988845,2051541,1937304,2086432,1152019,934413
19,DISTRICT,Maldah ,Rural,3447185,1768336,1678849,1731677,961409,770268
19,DISTRICT,Maldah ,Urban,541660,283205,258455,354755,190610,164145
19,DISTRICT,Murshidabad ,Total,7103807,3627564,3476243,4055834,2177187,1878647
19,DISTRICT,Murshidabad ,Rural,5703115,2917822,2785293,3193502,1713685,1479817
19,DISTRICT,Murshidabad ,Urban,1400692,709742,690950,862332,463502,398830
19,DISTRICT,Birbhum,Total,3502404,1790920,1711484,2158447,1201481,956966
19,DISTRICT,Birbhum,Rural,3052956,1561976,1490980,1832366,1025661,806705
19,DISTRICT,Birbhum,Urban,449448,228944,220504,326081,175820,150261
19,DISTRICT,Barddhaman ,Total,7717563,3966889,3750674,5247208,2918040,2329168
19,DISTRICT,Barddhaman ,Rural,4639264,2373787,2265477,2998277,1671556,1326721
19,DISTRICT,Barddhaman ,Urban,3078299,1593102,1485197,2248931,1246484,1002447
19,DISTRICT,Nadia ,Total,5167600,2653768,2513832,3480555,1878866,1601689
19,DISTRICT,Nadia ,Rural,3728727,1921112,1807615,2354086,1281436,1072650
19,DISTRICT,Nadia ,Urban,1438873,732656,706217,1126469,597430,529039
19,DISTRICT,North Twenty Four Parganas,Total,10009781,5119389,4890392,7608693,4056046,3552647
19,DISTRICT,North Twenty Four Parganas,Rural,4277619,2196554,2081065,2929366,1593026,1336340
19,DISTRICT,North Twenty Four Parganas,Urban,5732162,2922835,2809327,4679327,2463020,2216307
19,DISTRICT,Hugli ,Total,5519145,2814653,2704492,4078388,2211777,1866611
19,DISTRICT,Hugli ,Rural,3390646,1722945,1667701,2389544,1309767,1079777
19,DISTRICT,Hugli ,Urban,2128499,1091708,1036791,1688844,902010,786834
19,DISTRICT,Bankura ,Total,3596674,1838095,1758579,2232992,1299337,933655
19,DISTRICT,Bankura ,Rural,3296901,1685777,1611124,2002652,1174375,828277
19,DISTRICT,Bankura ,Urban,299773,152318,147455,230340,124962,105378
19,DISTRICT,Puruliya,Total,2930115,1496996,1433119,1624905,1002058,622847
19,DISTRICT,Puruliya,Rural,2556801,1304208,1252593,1374860,858620,516240
19,DISTRICT,Puruliya,Urban,373314,192788,180526,250045,143438,106607
19,DISTRICT,Haora ,Total,4850029,2500819,2349210,3605206,1942824,1662382
19,DISTRICT,Haora ,Rural,1775885,909519,866366,1256266,682352,573914
19,DISTRICT,Haora ,Urban,3074144,1591300,1482844,2348940,1260472,1088468
19,DISTRICT,Kolkata,Total,4496694,2356766,2139928,3588137,1926915,1661222
19,DISTRICT,Kolkata,Rural,0,0,0,0,0,0
19,DISTRICT,Kolkata,Urban,4496694,2356766,2139928,3588137,1926915,1661222
19,DISTRICT,South Twenty Four Parganas,Total,8161961,4173778,3988183,5531657,3043277,2488380
19,DISTRICT,South Twenty Four Parganas,Rural,6074188,3109219,2964969,3986878,2216852,1770026
19,DISTRICT,South Twenty Four Parganas,Urban,2087773,1064559,1023214,1544779,826425,718354
19,DISTRICT,Paschim Medinipur,Total,5913457,3007885,2905572,4078412,2266913,1811499
19,DISTRICT,Paschim Medinipur,Rural,5190771,2641721,2549050,3515817,1967008,1548809
19,DISTRICT,Paschim Medinipur,Urban,722686,366164,356522,562595,299905,262690
19,DISTRICT,Purba Medinipur,Total,5095875,2629834,2466041,3923194,2149073,1774121
19,DISTRICT,Purba Medinipur,Rural,4503161,2322562,2180599,3454187,1893682,1560505
19,DISTRICT,Purba Medinipur,Urban,592714,307272,285442,469007,255391,213616
20,STATE,JHARKHAND,Total,32988134,16930315,16057819,18328069,10882519,7445550
20,STATE,JHARKHAND,Rural,25055073,12776486,12278587,12643078,7682731,4960347
20,STATE,JHARKHAND,Urban,7933061,4153829,3779232,5684991,3199788,2485203
20,DISTRICT,Garhwa ,Total,1322784,683575,639209,653476,405161,248315
20,DISTRICT,Garhwa ,Rural,1253114,646947,606167,607528,378452,229076
20,DISTRICT,Garhwa ,Urban,69670,36628,33042,45948,26709,19239
20,DISTRICT,Chatra,Total,1042886,533935,508951,510061,303902,206159
20,DISTRICT,Chatra,Rural,979932,500211,479721,466597,278745,187852
20,DISTRICT,Chatra,Urban,62954,33724,29230,43464,25157,18307
20,DISTRICT,Kodarma,Total,716259,367222,349037,390249,238780,151469
20,DISTRICT,Kodarma,Rural,575013,293595,281418,296147,184511,111636
20,DISTRICT,Kodarma,Urban,141246,73627,67619,94102,54269,39833
20,DISTRICT,Giridih,Total,2445474,1258098,1187376,1253475,783736,469739
20,DISTRICT,Giridih,Rural,2237450,1149608,1087842,1113513,705100,408413
20,DISTRICT,Giridih,Urban,208024,108490,99534,139962,78636,61326
20,DISTRICT,Deoghar,Total,1492073,775022,717051,793538,489837,303701
20,DISTRICT,Deoghar,Rural,1233712,638136,595576,604892,382872,222020
20,DISTRICT,Deoghar,Urban,258361,136886,121475,188646,106965,81681
20,DISTRICT,Godda,Total,1313551,677927,635624,604519,376212,228307
20,DISTRICT,Godda,Rural,1249132,643907,605225,559346,350710,208636
20,DISTRICT,Godda,Urban,64419,34020,30399,45173,25502,19671
20,DISTRICT,Sahibganj,Total,1150567,589391,561176,483263,287303,195960
20,DISTRICT,Sahibganj,Rural,990901,505892,485009,384659,231109,153550
20,DISTRICT,Sahibganj,Urban,159666,83499,76167,98604,56194,42410
20,DISTRICT,Pakur,Total,900422,452661,447761,352881,206989,145892
20,DISTRICT,Pakur,Rural,832910,418251,414659,315553,186532,129021
20,DISTRICT,Pakur,Urban,67512,34410,33102,37328,20457,16871
20,DISTRICT,Dhanbad,Total,2684487,1405956,1278531,1722204,1014950,707254
20,DISTRICT,Dhanbad,Rural,1124093,581956,542137,649255,397144,252111
20,DISTRICT,Dhanbad,Urban,1560394,824000,736394,1072949,617806,455143
20,DISTRICT,Bokaro,Total,2062330,1072807,989523,1273520,759088,514432
20,DISTRICT,Bokaro,Rural,1078686,554954,523732,577178,357363,219815
20,DISTRICT,Bokaro,Urban,983644,517853,465791,696342,401725,294617
20,DISTRICT,Lohardaga,Total,461790,232629,229161,259707,149568,110139
20,DISTRICT,Lohardaga,Rural,404379,203255,201124,217404,126853,90551
20,DISTRICT,Lohardaga,Urban,57411,29374,28037,42303,22715,19588
20,DISTRICT,Purbi Singhbhum,Total,2293919,1176902,1117017,1507699,856526,651173
20,DISTRICT,Purbi Singhbhum,Rural,1019328,514498,504830,547997,327892,220105
20,DISTRICT,Purbi Singhbhum,Urban,1274591,662404,612187,959702,528634,431068
20,DISTRICT,Palamu,Total,1939869,1006302,933567,1024563,621706,402857
20,DISTRICT,Palamu,Rural,1713866,887551,826315,867814,532569,335245
20,DISTRICT,Palamu,Urban,226003,118751,107252,156749,89137,67612
20,DISTRICT,Latehar,Total,726978,369666,357312,350682,209706,140976
20,DISTRICT,Latehar,Rural,675120,342566,332554,316158,190161,125997
20,DISTRICT,Latehar,Urban,51858,27100,24758,34524,19545,14979
20,DISTRICT,Hazaribagh,Total,1734495,890881,843614,1013249,596113,417136
20,DISTRICT,Hazaribagh,Rural,1459188,746934,712254,808009,482336,325673
20,DISTRICT,Hazaribagh,Urban,275307,143947,131360,205240,113777,91463
20,DISTRICT,Ramgarh,Total,949443,494230,455213,596497,350031,246466
20,DISTRICT,Ramgarh,Rural,530488,272167,258321,301206,179912,121294
20,DISTRICT,Ramgarh,Urban,418955,222063,196892,295291,170119,125172
20,DISTRICT,Dumka,Total,1321442,668514,652928,672409,406275,266134
20,DISTRICT,Dumka,Rural,1231264,620928,610336,606660,369261,237399
20,DISTRICT,Dumka,Urban,90178,47586,42592,65749,37014,28735
20,DISTRICT,Jamtara,Total,791042,404830,386212,426312,258260,168052
20,DISTRICT,Jamtara,Rural,715296,365043,350253,371784,227285,144499
20,DISTRICT,Jamtara,Urban,75746,39787,35959,54528,30975,23553
20,DISTRICT,Ranchi,Total,2914253,1494937,1419316,1911433,1085244,826189
20,DISTRICT,Ranchi,Rural,1656918,840528,816390,953472,560352,393120
20,DISTRICT,Ranchi,Urban,1257335,654409,602926,957961,524892,433069
20,DISTRICT,Khunti,Total,531885,266335,265550,284575,164741,119834
20,DISTRICT,Khunti,Rural,486903,243494,243409,251733,147000,104733
20,DISTRICT,Khunti,Urban,44982,22841,22141,32842,17741,15101
20,DISTRICT,Gumla,Total,1025213,514390,510823,559720,321795,237925
20,DISTRICT,Gumla,Rural,960132,481135,478997,510005,295167,214838
20,DISTRICT,Gumla,Urban,65081,33255,31826,49715,26628,23087
20,DISTRICT,Simdega,Total,599578,300309,299269,343483,191991,151492
20,DISTRICT,Simdega,Rural,556634,278425,278209,311416,174914,136502
20,DISTRICT,Simdega,Urban,42944,21884,21060,32067,17077,14990
20,DISTRICT,Pashchimi Singhbhum,Total,1502338,749385,752953,727561,439273,288288
20,DISTRICT,Pashchimi Singhbhum,Rural,1284304,637657,646647,570404,351945,218459
20,DISTRICT,Pashchimi Singhbhum,Urban,218034,111728,106306,157157,87328,69829
20,DISTRICT,Saraikela-Kharsawan,Total,1065056,544411,520645,612993,365332,247661
20,DISTRICT,Saraikela-Kharsawan,Rural,806310,408848,397462,434348,264546,169802
20,DISTRICT,Saraikela-Kharsawan,Urban,258746,135563,123183,178645,100786,77859
21,STATE,ODISHA,Total,41974218,21212136,20762082,26742595,15089681,11652914
21,STATE,ODISHA,Rural,34970562,17586203,17384359,21377915,12154552,9223363
21,STATE,ODISHA,Urban,7003656,3625933,3377723,5364680,2935129,2429551
21,DISTRICT,Bargarh,Total,1481255,749161,732094,983783,557217,426566
21,DISTRICT,Bargarh,Rural,1331145,672603,658542,869172,494987,374185
21,DISTRICT,Bargarh,Urban,150110,76558,73552,114611,62230,52381
21,DISTRICT,Jharsuguda,Total,579505,296690,282815,405879,228092,177787
21,DISTRICT,Jharsuguda,Rural,348340,176162,172178,234962,132448,102514
21,DISTRICT,Jharsuguda,Urban,231165,120528,110637,170917,95644,75273
21,DISTRICT,Sambalpur,Total,1041099,526877,514222,703691,393192,310499
21,DISTRICT,Sambalpur,Rural,733006,368692,364314,470897,266228,204669
21,DISTRICT,Sambalpur,Urban,308093,158185,149908,232794,126964,105830
21,DISTRICT,Debagarh,Total,312520,158230,154290,197819,112649,85170
21,DISTRICT,Debagarh,Rural,290130,146666,143464,181300,103536,77764
21,DISTRICT,Debagarh,Urban,22390,11564,10826,16519,9113,7406
21,DISTRICT,Sundargarh,Total,2093437,1061147,1032290,1342322,750147,592175
21,DISTRICT,Sundargarh,Rural,1355340,676068,679272,782147,441493,340654
21,DISTRICT,Sundargarh,Urban,738097,385079,353018,560175,308654,251521
21,DISTRICT,Kendujhar,Total,1801733,906487,895246,1052518,605119,447399
21,DISTRICT,Kendujhar,Rural,1548674,774667,774007,880689,507316,373373
21,DISTRICT,Kendujhar,Urban,253059,131820,121239,171829,97803,74026
21,DISTRICT,Mayurbhanj,Total,2519738,1256213,1263525,1369397,794171,575226
21,DISTRICT,Mayurbhanj,Rural,2326842,1157576,1169266,1220428,713913,506515
21,DISTRICT,Mayurbhanj,Urban,192896,98637,94259,148969,80258,68711
21,DISTRICT,Baleshwar,Total,2320529,1185787,1134742,1621232,902359,718873
21,DISTRICT,Baleshwar,Rural,2067236,1056466,1010770,1430341,799882,630459
21,DISTRICT,Baleshwar,Urban,253293,129321,123972,190891,102477,88414
21,DISTRICT,Bhadrak,Total,1506337,760260,746077,1094140,596269,497871
21,DISTRICT,Bhadrak,Rural,1320499,665255,655244,964713,525719,438994
21,DISTRICT,Bhadrak,Urban,185838,95005,90833,129427,70550,58877
21,DISTRICT,Kendrapara ,Total,1440361,717814,722547,1089265,579970,509295
21,DISTRICT,Kendrapara ,Rural,1356827,675053,681774,1023485,544759,478726
21,DISTRICT,Kendrapara ,Urban,83534,42761,40773,65780,35211,30569
21,DISTRICT,Jagatsinghapur ,Total,1136971,577865,559106,889027,481049,407978
21,DISTRICT,Jagatsinghapur ,Rural,1020991,516813,504178,798202,430959,367243
21,DISTRICT,Jagatsinghapur ,Urban,115980,61052,54928,90825,50090,40735
21,DISTRICT,Cuttack,Total,2624470,1352760,1271710,2011469,1103033,908436
21,DISTRICT,Cuttack,Rural,1888423,970885,917538,1407978,780022,627956
21,DISTRICT,Cuttack,Urban,736047,381875,354172,603491,323011,280480
21,DISTRICT,Jajapur  ,Total,1827192,926034,901158,1290455,706396,584059
21,DISTRICT,Jajapur  ,Rural,1692095,856539,835556,1188483,651153,537330
21,DISTRICT,Jajapur  ,Urban,135097,69495,65602,101972,55243,46729
21,DISTRICT,Dhenkanal,Total,1192811,612593,580218,829910,464093,365817
21,DISTRICT,Dhenkanal,Rural,1075305,551326,523979,735523,412767,322756
21,DISTRICT,Dhenkanal,Urban,117506,61267,56239,94387,51326,43061
21,DISTRICT,Anugul  ,Total,1273821,655718,618103,869456,494425,375031
21,DISTRICT,Anugul  ,Rural,1067275,546385,520890,709069,404772,304297
21,DISTRICT,Anugul  ,Urban,206546,109333,97213,160387,89653,70734
21,DISTRICT,Nayagarh  ,Total,962789,502636,460153,688362,392333,296029
21,DISTRICT,Nayagarh  ,Rural,883051,461019,422032,625345,357687,267658
21,DISTRICT,Nayagarh  ,Urban,79738,41617,38121,63017,34646,28371
21,DISTRICT,Khordha ,Total,2251673,1167137,1084536,1749936,957515,792421
21,DISTRICT,Khordha ,Rural,1167357,595809,571548,859680,471689,387991
21,DISTRICT,Khordha ,Urban,1084316,571328,512988,890256,485826,404430
21,DISTRICT,Puri,Total,1698730,865380,833350,1291939,704857,587082
21,DISTRICT,Puri,Rural,1433800,728213,705587,1082202,591850,490352
21,DISTRICT,Puri,Urban,264930,137167,127763,209737,113007,96730
21,DISTRICT,Ganjam,Total,3529031,1779218,1749813,2210050,1262652,947398
21,DISTRICT,Ganjam,Rural,2761030,1383636,1377394,1635150,945712,689438
21,DISTRICT,Ganjam,Urban,768001,395582,372419,574900,316940,257960
21,DISTRICT,Gajapati,Total,577817,282882,294935,262537,153663,108874
21,DISTRICT,Gajapati,Rural,507151,247655,259496,213160,126934,86226
21,DISTRICT,Gajapati,Urban,70666,35227,35439,49377,26729,22648
21,DISTRICT,Kandhamal,Total,733110,359945,373165,399786,233900,165886
21,DISTRICT,Kandhamal,Rural,660831,323523,337308,343893,203797,140096
21,DISTRICT,Kandhamal,Urban,72279,36422,35857,55893,30103,25790
21,DISTRICT,Baudh,Total,441162,221625,219537,271612,158648,112964
21,DISTRICT,Baudh,Rural,420738,211133,209605,255716,149864,105852
21,DISTRICT,Baudh,Urban,20424,10492,9932,15896,8784,7112
21,DISTRICT,Subarnapur,Total,610183,311312,298871,398421,230393,168028
21,DISTRICT,Subarnapur,Rural,560242,285634,274608,361498,209666,151832
21,DISTRICT,Subarnapur,Urban,49941,25678,24263,36923,20727,16196
21,DISTRICT,Balangir,Total,1648997,830097,818900,927260,545672,381588
21,DISTRICT,Balangir,Rural,1451616,728770,722846,780657,464882,315775
21,DISTRICT,Balangir,Urban,197381,101327,96054,146603,80790,65813
21,DISTRICT,Nuapada,Total,610382,301962,308420,299383,180903,118480
21,DISTRICT,Nuapada,Rural,576328,284792,291536,275864,167937,107927
21,DISTRICT,Nuapada,Urban,34054,17170,16884,23519,12966,10553
21,DISTRICT,Kalahandi,Total,1576869,787101,789768,802036,484177,317859
21,DISTRICT,Kalahandi,Rural,1454882,724646,730236,713762,435330,278432
21,DISTRICT,Kalahandi,Urban,121987,62455,59532,88274,48847,39427
21,DISTRICT,Rayagada  ,Total,967911,471960,495951,407735,241959,165776
21,DISTRICT,Rayagada  ,Rural,820945,397774,423171,305758,185630,120128
21,DISTRICT,Rayagada  ,Urban,146966,74186,72780,101977,56329,45648
21,DISTRICT,Nabarangapur ,Total,1220946,604812,616134,470379,286984,183395
21,DISTRICT,Nabarangapur ,Rural,1133321,560771,572550,410535,254221,156314
21,DISTRICT,Nabarangapur ,Urban,87625,44041,43584,59844,32763,27081
21,DISTRICT,Koraput,Total,1379647,678809,700838,568090,340843,227247
21,DISTRICT,Koraput,Rural,1153478,563771,589707,404425,250926,153499
21,DISTRICT,Koraput,Urban,226169,115038,111131,163665,89917,73748
21,DISTRICT,Malkangiri  ,Total,613192,303624,309568,244706,147001,97705
21,DISTRICT,Malkangiri  ,Rural,563664,277901,285763,212881,128473,84408
21,DISTRICT,Malkangiri  ,Urban,49528,25723,23805,31825,18528,13297
22,STATE,CHHATTISGARH,Total,25545198,12832895,12712303,15379922,8807893,6572029
22,STATE,CHHATTISGARH,Rural,19607961,9797426,9810535,11008956,6403012,4605944
22,STATE,CHHATTISGARH,Urban,5937237,3035469,2901768,4370966,2404881,1966085
22,DISTRICT,Koriya,Total,658917,334737,324180,397823,229923,167900
22,DISTRICT,Koriya,Rural,453618,228338,225280,249156,145851,103305
22,DISTRICT,Koriya,Urban,205299,106399,98900,148667,84072,64595
22,DISTRICT,Surguja,Total,2359886,1193129,1166757,1187941,694686,493255
22,DISTRICT,Surguja,Rural,2116965,1067908,1049057,1008398,596287,412111
22,DISTRICT,Surguja,Urban,242921,125221,117700,179543,98399,81144
22,DISTRICT,Jashpur ,Total,851669,424747,426922,495415,280656,214759
22,DISTRICT,Jashpur ,Rural,775677,386307,389370,439818,250617,189201
22,DISTRICT,Jashpur ,Urban,75992,38440,37552,55597,30039,25558
22,DISTRICT,Raigarh,Total,1493984,750278,743706,951639,542756,408883
22,DISTRICT,Raigarh,Rural,1247682,623817,623865,768151,441331,326820
22,DISTRICT,Raigarh,Urban,246302,126461,119841,183488,101425,82063
22,DISTRICT,Korba ,Total,1206640,612915,593725,748759,433391,315368
22,DISTRICT,Korba ,Rural,760350,381424,378926,422750,249864,172886
22,DISTRICT,Korba ,Urban,446290,231491,214799,326009,183527,142482
22,DISTRICT,Janjgir - Champa,Total,1619707,815717,803990,1019634,593679,425955
22,DISTRICT,Janjgir - Champa,Rural,1394646,701401,693245,859400,503744,355656
22,DISTRICT,Janjgir - Champa,Urban,225061,114316,110745,160234,89935,70299
22,DISTRICT,Bilaspur,Total,2663629,1351574,1312055,1596560,932474,664086
22,DISTRICT,Bilaspur,Rural,1983759,1002520,981239,1095487,656265,439222
22,DISTRICT,Bilaspur,Urban,679870,349054,330816,501073,276209,224864
22,DISTRICT,Kabeerdham,Total,822526,412058,410468,414167,248503,165664
22,DISTRICT,Kabeerdham,Rural,735131,367941,367190,357301,216986,140315
22,DISTRICT,Kabeerdham,Urban,87395,44117,43278,56866,31517,25349
22,DISTRICT,Rajnandgaon,Total,1537133,762855,774278,1008379,561355,447024
22,DISTRICT,Rajnandgaon,Rural,1264621,626212,638409,802926,451224,351702
22,DISTRICT,Rajnandgaon,Urban,272512,136643,135869,205453,110131,95322
22,DISTRICT,Durg,Total,3343872,1682101,1661771,2303378,1284612,1018766
22,DISTRICT,Durg,Rural,2059107,1026152,1032955,1330153,752220,577933
22,DISTRICT,Durg,Urban,1284765,655949,628816,973225,532392,440833
22,DISTRICT,Raipur,Total,4063872,2048186,2015686,2629749,1493158,1136591
22,DISTRICT,Raipur,Rural,2580583,1288567,1292016,1545714,898298,647416
22,DISTRICT,Raipur,Urban,1483289,759619,723670,1084035,594860,489175
22,DISTRICT,Mahasamund,Total,1032754,511967,520787,637963,364089,273874
22,DISTRICT,Mahasamund,Rural,912602,451691,460911,552067,317171,234896
22,DISTRICT,Mahasamund,Urban,120152,60276,59876,85896,46918,38978
22,DISTRICT,Dhamtari ,Total,799781,397897,401884,546833,303924,242909
22,DISTRICT,Dhamtari ,Rural,650586,323420,327166,435825,244050,191775
22,DISTRICT,Dhamtari ,Urban,149195,74477,74718,111008,59874,51134
22,DISTRICT,Uttar Bastar Kanker,Total,748941,373338,375603,456042,258298,197744
22,DISTRICT,Uttar Bastar Kanker,Rural,672180,335149,337031,396859,227063,169796
22,DISTRICT,Uttar Bastar Kanker,Urban,76761,38189,38572,59183,31235,27948
22,DISTRICT,Bastar,Total,1413199,698487,714712,650863,382335,268528
22,DISTRICT,Bastar,Rural,1219705,600652,619053,511057,305898,205159
22,DISTRICT,Bastar,Urban,193494,97835,95659,139806,76437,63369
22,DISTRICT,Narayanpur,Total,139820,70104,69716,56621,33449,23172
22,DISTRICT,Narayanpur,Rural,117714,58653,59061,40467,24246,16221
22,DISTRICT,Narayanpur,Urban,22106,11451,10655,16154,9203,6951
22,DISTRICT,Dakshin Bastar Dantewada,Total,533638,264142,269496,191237,116529,74708
22,DISTRICT,Dakshin Bastar Dantewada,Rural,437405,213930,223475,125381,78765,46616
22,DISTRICT,Dakshin Bastar Dantewada,Urban,96233,50212,46021,65856,37764,28092
22,DISTRICT,Bijapur,Total,255230,128663,126567,86919,54076,32843
22,DISTRICT,Bijapur,Rural,225630,113344,112286,68046,43132,24914
22,DISTRICT,Bijapur,Urban,29600,15319,14281,18873,10944,7929
23,STATE,MADHYA PRADESH,Total,72626809,37612306,35014503,42851169,25174328,17676841
23,STATE,MADHYA PRADESH,Rural,52557404,27149388,25408016,28281986,17054982,11227004
23,STATE,MADHYA PRADESH,Urban,20069405,10462918,9606487,14569183,8119346,6449837
23,DISTRICT,Sheopur ,Total,687861,361784,326077,328025,208201,119824
23,DISTRICT,Sheopur ,Rural,580509,305360,275149,261053,168393,92660
23,DISTRICT,Sheopur ,Urban,107352,56424,50928,66972,39808,27164
23,DISTRICT,Morena,Total,1965970,1068417,897553,1179685,747652,432033
23,DISTRICT,Morena,Rural,1495508,815218,680290,865686,558748,306938
23,DISTRICT,Morena,Urban,470462,253199,217263,313999,188904,125095
23,DISTRICT,Bhind,Total,1703005,926843,776162,1094917,676513,418404
23,DISTRICT,Bhind,Rural,1270083,694756,575327,800035,501892,298143
23,DISTRICT,Bhind,Urban,432922,232087,200835,294882,174621,120261
23,DISTRICT,Gwalior,Total,2032036,1090327,941709,1357210,803114,554096
23,DISTRICT,Gwalior,Rural,758244,409349,348895,419361,267017,152344
23,DISTRICT,Gwalior,Urban,1273792,680978,592814,937849,536097,401752
23,DISTRICT,Datia,Total,786754,420157,366597,491445,303815,187630
23,DISTRICT,Datia,Rural,604772,323966,280806,365567,230901,134666
23,DISTRICT,Datia,Urban,181982,96191,85791,125878,72914,52964
23,DISTRICT,Shivpuri,Total,1726050,919795,806255,900846,573242,327604
23,DISTRICT,Shivpuri,Rural,1430627,763554,667073,703640,458705,244935
23,DISTRICT,Shivpuri,Urban,295423,156241,139182,197206,114537,82669
23,DISTRICT,Tikamgarh,Total,1445166,760355,684811,747940,459353,288587
23,DISTRICT,Tikamgarh,Rural,1195293,629477,565816,586993,366751,220242
23,DISTRICT,Tikamgarh,Urban,249873,130878,118995,160947,92602,68345
23,DISTRICT,Chhatarpur,Total,1762375,936121,826254,943033,572010,371023
23,DISTRICT,Chhatarpur,Rural,1363359,725273,638086,671558,416937,254621
23,DISTRICT,Chhatarpur,Urban,399016,210848,188168,271475,155073,116402
23,DISTRICT,Panna,Total,1016520,533480,483040,552559,332140,220419
23,DISTRICT,Panna,Rural,891185,467473,423712,465466,282573,182893
23,DISTRICT,Panna,Urban,125335,66007,59328,87093,49567,37526
23,DISTRICT,Sagar,Total,2378458,1256257,1122201,1545719,908607,637112
23,DISTRICT,Sagar,Rural,1669662,884133,785529,1011982,610355,401627
23,DISTRICT,Sagar,Urban,708796,372124,336672,533737,298252,235485
23,DISTRICT,Damoh,Total,1264219,661873,602346,747715,445737,301978
23,DISTRICT,Damoh,Rural,1013668,530471,483197,564140,342733,221407
23,DISTRICT,Damoh,Urban,250551,131402,119149,183575,103004,80571
23,DISTRICT,Satna,Total,2228935,1157495,1071440,1371781,801051,570730
23,DISTRICT,Satna,Rural,1754517,907904,846613,1029244,607280,421964
23,DISTRICT,Satna,Urban,474418,249591,224827,342537,193771,148766
23,DISTRICT,Rewa,Total,2365106,1225100,1140006,1441757,845572,596185
23,DISTRICT,Rewa,Rural,1969321,1017839,951482,1156917,684319,472598
23,DISTRICT,Rewa,Urban,395785,207261,188524,284840,161253,123587
23,DISTRICT,Umaria,Total,644758,330674,314084,356672,210907,145765
23,DISTRICT,Umaria,Rural,534214,273064,261150,279642,166849,112793
23,DISTRICT,Umaria,Urban,110544,57610,52934,77030,44058,32972
23,DISTRICT,Neemuch ,Total,826067,422653,403414,508834,307889,200945
23,DISTRICT,Neemuch ,Rural,580837,295013,285824,330646,206269,124377
23,DISTRICT,Neemuch ,Urban,245230,127640,117590,178188,101620,76568
23,DISTRICT,Mandsaur,Total,1340411,682851,657560,834591,502898,331693
23,DISTRICT,Mandsaur,Rural,1062807,540987,521820,629734,389057,240677
23,DISTRICT,Mandsaur,Urban,277604,141864,135740,204857,113841,91016
23,DISTRICT,Ratlam,Total,1455069,738241,716828,825880,485090,340790
23,DISTRICT,Ratlam,Rural,1020038,516468,503570,507104,311054,196050
23,DISTRICT,Ratlam,Urban,435031,221773,213258,318776,174036,144740
23,DISTRICT,Ujjain,Total,1986864,1016289,970575,1240990,730817,510173
23,DISTRICT,Ujjain,Rural,1207651,616353,591298,671383,416991,254392
23,DISTRICT,Ujjain,Urban,779213,399936,379277,569607,313826,255781
23,DISTRICT,Shajapur,Total,1512681,780520,732161,894612,543509,351103
23,DISTRICT,Shajapur,Rural,1219133,629273,589860,690374,427370,263004
23,DISTRICT,Shajapur,Urban,293548,151247,142301,204238,116139,88099
23,DISTRICT,Dewas,Total,1563715,805359,758356,925369,550716,374653
23,DISTRICT,Dewas,Rural,1111956,571720,540236,604294,369959,234335
23,DISTRICT,Dewas,Urban,451759,233639,218120,321075,180757,140318
23,DISTRICT,Dhar,Total,2185793,1112725,1073068,1077338,638479,438859
23,DISTRICT,Dhar,Rural,1772572,895113,877459,796473,477831,318642
23,DISTRICT,Dhar,Urban,413221,217612,195609,280865,160648,120217
23,DISTRICT,Indore,Total,3276697,1699627,1577070,2309130,1289631,1019499
23,DISTRICT,Indore,Rural,848988,436755,412233,499137,299899,199238
23,DISTRICT,Indore,Urban,2427709,1262872,1164837,1809993,989732,820261
23,DISTRICT,Khargone (West Nimar),Total,1873046,953121,919925,986234,575428,410806
23,DISTRICT,Khargone (West Nimar),Rural,1574190,799396,774794,772789,457771,315018
23,DISTRICT,Khargone (West Nimar),Urban,298856,153725,145131,213445,117657,95788
23,DISTRICT,Barwani ,Total,1385881,699340,686541,549926,313642,236284
23,DISTRICT,Barwani ,Rural,1181812,594907,586905,413152,238262,174890
23,DISTRICT,Barwani ,Urban,204069,104433,99636,136774,75380,61394
23,DISTRICT,Rajgarh,Total,1545814,790212,755602,804245,488797,315448
23,DISTRICT,Rajgarh,Rural,1269357,648407,620950,620313,384594,235719
23,DISTRICT,Rajgarh,Urban,276457,141805,134652,183932,104203,79729
23,DISTRICT,Vidisha,Total,1458875,769568,689307,862918,512344,350574
23,DISTRICT,Vidisha,Rural,1119257,591962,527295,624193,379182,245011
23,DISTRICT,Vidisha,Urban,339618,177606,162012,238725,133162,105563
23,DISTRICT,Bhopal,Total,2371061,1236130,1134931,1660690,920314,740376
23,DISTRICT,Bhopal,Rural,454010,238025,215985,254810,153144,101666
23,DISTRICT,Bhopal,Urban,1917051,998105,918946,1405880,767170,638710
23,DISTRICT,Sehore,Total,1311332,683743,627589,780362,469208,311154
23,DISTRICT,Sehore,Rural,1062870,554636,508234,603846,370658,233188
23,DISTRICT,Sehore,Urban,248462,129107,119355,176516,98550,77966
23,DISTRICT,Raisen,Total,1331597,700358,631239,820220,479093,341127
23,DISTRICT,Raisen,Rural,1028172,539960,488212,607949,358832,249117
23,DISTRICT,Raisen,Urban,303425,160398,143027,212271,120261,92010
23,DISTRICT,Betul,Total,1575362,799236,776126,939769,529783,409986
23,DISTRICT,Betul,Rural,1266211,640358,625853,700098,400175,299923
23,DISTRICT,Betul,Urban,309151,158878,150273,239671,129608,110063
23,DISTRICT,Harda ,Total,570465,294838,275627,352550,203807,148743
23,DISTRICT,Harda ,Rural,451101,233312,217789,261229,154040,107189
23,DISTRICT,Harda ,Urban,119364,61526,57838,91321,49767,41554
23,DISTRICT,Hoshangabad,Total,1241350,648725,592625,810644,469199,341445
23,DISTRICT,Hoshangabad,Rural,851364,445062,406302,510211,303089,207122
23,DISTRICT,Hoshangabad,Urban,389986,203663,186323,300433,166110,134323
23,DISTRICT,Katni ,Total,1292042,662013,630029,790773,460583,330190
23,DISTRICT,Katni ,Rural,1028499,525188,503311,592952,351840,241112
23,DISTRICT,Katni ,Urban,263543,136825,126718,197821,108743,89078
23,DISTRICT,Jabalpur,Total,2463289,1277278,1186011,1756468,980307,776161
23,DISTRICT,Jabalpur,Rural,1023255,527031,496224,637824,371345,266479
23,DISTRICT,Jabalpur,Urban,1440034,750247,689787,1118644,608962,509682
23,DISTRICT,Narsimhapur,Total,1091854,568810,523044,718785,413491,305294
23,DISTRICT,Narsimhapur,Rural,888314,462699,425615,562087,327734,234353
23,DISTRICT,Narsimhapur,Urban,203540,106111,97429,156698,85757,70941
23,DISTRICT,Dindori ,Total,704524,351913,352611,378714,222759,155955
23,DISTRICT,Dindori ,Rural,672206,335393,336813,354842,209532,145310
23,DISTRICT,Dindori ,Urban,32318,16520,15798,23872,13227,10645
23,DISTRICT,Mandla,Total,1054905,525272,529633,604962,348033,256929
23,DISTRICT,Mandla,Rural,924716,459151,465565,503725,293753,209972
23,DISTRICT,Mandla,Urban,130189,66121,64068,101237,54280,46957
23,DISTRICT,Chhindwara,Total,2090922,1064468,1026454,1294198,731294,562904
23,DISTRICT,Chhindwara,Rural,1585739,806199,779540,907838,522433,385405
23,DISTRICT,Chhindwara,Urban,505183,258269,246914,386360,208861,177499
23,DISTRICT,Seoni,Total,1379131,695879,683252,864194,485341,378853
23,DISTRICT,Seoni,Rural,1215241,612314,602927,734368,416105,318263
23,DISTRICT,Seoni,Urban,163890,83565,80325,129826,69236,60590
23,DISTRICT,Balaghat,Total,1701698,842178,859520,1147623,626468,521155
23,DISTRICT,Balaghat,Rural,1456882,719794,737088,960218,527089,433129
23,DISTRICT,Balaghat,Urban,244816,122384,122432,187405,99379,88026
23,DISTRICT,Guna,Total,1241519,649362,592157,653980,400537,253443
23,DISTRICT,Guna,Rural,928844,486127,442717,447170,281493,165677
23,DISTRICT,Guna,Urban,312675,163235,149440,206810,119044,87766
23,DISTRICT,Ashoknagar,Total,845071,443837,401234,469109,290304,178805
23,DISTRICT,Ashoknagar,Rural,691387,363411,327976,366314,230726,135588
23,DISTRICT,Ashoknagar,Urban,153684,80426,73258,102795,59578,43217
23,DISTRICT,Shahdol,Total,1066063,540021,526042,604194,348761,255433
23,DISTRICT,Shahdol,Rural,846463,426583,419880,442701,259031,183670
23,DISTRICT,Shahdol,Urban,219600,113438,106162,161493,89730,71763
23,DISTRICT,Anuppur,Total,749237,379114,370123,436595,254120,182475
23,DISTRICT,Anuppur,Rural,543996,272030,271966,290893,170653,120240
23,DISTRICT,Anuppur,Urban,205241,107084,98157,145702,83467,62235
23,DISTRICT,Sidhi,Total,1127033,575912,551121,600785,353030,247755
23,DISTRICT,Sidhi,Rural,1033912,527378,506534,537755,317149,220606
23,DISTRICT,Sidhi,Urban,93121,48534,44587,63030,35881,27149
23,DISTRICT,Singrauli,Total,1178273,613637,564636,585054,359923,225131
23,DISTRICT,Singrauli,Rural,951487,493324,458163,437064,272515,164549
23,DISTRICT,Singrauli,Urban,226786,120313,106473,147990,87408,60582
23,DISTRICT,Jhabua,Total,1025048,515023,510025,352081,214582,137499
23,DISTRICT,Jhabua,Rural,933065,467468,465597,286231,177981,108250
23,DISTRICT,Jhabua,Urban,91983,47555,44428,65850,36601,29249
23,DISTRICT,Alirajpur,Total,728999,362542,366457,209754,120905,88849
23,DISTRICT,Alirajpur,Rural,671925,333593,338332,170812,99574,71238
23,DISTRICT,Alirajpur,Urban,57074,28949,28125,38942,21331,17611
23,DISTRICT,Khandwa (East Nimar),Total,1310061,674329,635732,731615,432259,299356
23,DISTRICT,Khandwa (East Nimar),Rural,1050625,541183,509442,540989,328903,212086
23,DISTRICT,Khandwa (East Nimar),Urban,259436,133146,126290,190626,103356,87270
23,DISTRICT,Burhanpur,Total,757847,388504,369343,408679,233073,175606
23,DISTRICT,Burhanpur,Rural,497560,254978,242582,229184,135496,93688
23,DISTRICT,Burhanpur,Urban,260287,133526,126761,179495,97577,81918
24,STATE,GUJARAT,Total,60439692,31491260,28948432,41093358,23474873,17618485
24,STATE,GUJARAT,Rural,34694609,17799159,16895450,21420842,12467643,8953199
24,STATE,GUJARAT,Urban,25745083,13692101,12052982,19672516,11007230,8665286
24,DISTRICT,Kachchh,Total,2092371,1096737,995634,1252319,739239,513080
24,DISTRICT,Kachchh,Rural,1363836,713524,650312,740922,449185,291737
24,DISTRICT,Kachchh,Urban,728535,383213,345322,511397,290054,221343
24,DISTRICT,Banas Kantha,Total,3120506,1610379,1510127,1704923,1048402,656521
24,DISTRICT,Banas Kantha,Rural,2705591,1393741,1311850,1415564,881639,533925
24,DISTRICT,Banas Kantha,Urban,414915,216638,198277,289359,166763,122596
24,DISTRICT,Patan  ,Total,1343734,694397,649337,837913,494631,343282
24,DISTRICT,Patan  ,Rural,1062653,548324,514329,630617,378570,252047
24,DISTRICT,Patan  ,Urban,281081,146073,135008,207296,116061,91235
24,DISTRICT,Mahesana,Total,2035064,1056520,978544,1502645,847499,655146
24,DISTRICT,Mahesana,Rural,1520734,787175,733559,1095809,623765,472044
24,DISTRICT,Mahesana,Urban,514330,269345,244985,406836,223734,183102
24,DISTRICT,Sabar Kantha,Total,2428589,1244231,1184358,1578734,918625,660109
24,DISTRICT,Sabar Kantha,Rural,2064869,1056141,1008728,1307989,768505,539484
24,DISTRICT,Sabar Kantha,Urban,363720,188090,175630,270745,150120,120625
24,DISTRICT,Gandhinagar,Total,1391753,723864,667889,1030494,582686,447808
24,DISTRICT,Gandhinagar,Rural,791126,408436,382690,563973,323305,240668
24,DISTRICT,Gandhinagar,Urban,600627,315428,285199,466521,259381,207140
24,DISTRICT,Ahmadabad,Total,7214225,3788051,3426174,5435760,3025463,2410297
24,DISTRICT,Ahmadabad,Rural,1151178,595583,555595,703078,422978,280100
24,DISTRICT,Ahmadabad,Urban,6063047,3192468,2870579,4732682,2602485,2130197
24,DISTRICT,Surendranagar,Total,1756268,909917,846351,1093626,643221,450405
24,DISTRICT,Surendranagar,Rural,1259352,649475,609877,730703,437657,293046
24,DISTRICT,Surendranagar,Urban,496916,260442,236474,362923,205564,157359
24,DISTRICT,Rajkot,Total,3804558,1974445,1830113,2725056,1514075,1210981
24,DISTRICT,Rajkot,Rural,1590508,816264,774244,1043935,592755,451180
24,DISTRICT,Rajkot,Urban,2214050,1158181,1055869,1681121,921320,759801
24,DISTRICT,Jamnagar,Total,2160119,1114192,1045927,1396534,795140,601394
24,DISTRICT,Jamnagar,Rural,1189054,610088,578966,715735,414998,300737
24,DISTRICT,Jamnagar,Urban,971065,504104,466961,680799,380142,300657
24,DISTRICT,Porbandar ,Total,585449,300209,285240,393678,221621,172057
24,DISTRICT,Porbandar ,Rural,299775,153260,146515,183193,105738,77455
24,DISTRICT,Porbandar ,Urban,285674,146949,138725,210485,115883,94602
24,DISTRICT,Junagadh,Total,2743082,1404356,1338726,1842818,1046981,795837
24,DISTRICT,Junagadh,Rural,1836670,940271,896399,1178160,681209,496951
24,DISTRICT,Junagadh,Urban,906412,464085,442327,664658,365772,298886
24,DISTRICT,Amreli,Total,1514190,771049,743141,995459,558180,437279
24,DISTRICT,Amreli,Rural,1127555,572554,555001,715043,404938,310105
24,DISTRICT,Amreli,Urban,386635,198495,188140,280416,153242,127174
24,DISTRICT,Bhavnagar,Total,2880365,1490201,1390164,1887255,1087371,799884
24,DISTRICT,Bhavnagar,Rural,1697964,868833,829131,1029936,605026,424910
24,DISTRICT,Bhavnagar,Urban,1182401,621368,561033,857319,482345,374974
24,DISTRICT,Anand  ,Total,2092745,1087224,1005521,1551253,874481,676772
24,DISTRICT,Anand  ,Rural,1457758,758499,699259,1053110,602971,450139
24,DISTRICT,Anand  ,Urban,634987,328725,306262,498143,271510,226633
24,DISTRICT,Kheda,Total,2299885,1185727,1114158,1660243,942480,717763
24,DISTRICT,Kheda,Rural,1776276,915197,861079,1257241,722445,534796
24,DISTRICT,Kheda,Urban,523609,270530,253079,403002,220035,182967
24,DISTRICT,Panch Mahals,Total,2390776,1226961,1163815,1440805,858054,582751
24,DISTRICT,Panch Mahals,Rural,2055949,1053376,1002573,1187834,719128,468706
24,DISTRICT,Panch Mahals,Urban,334827,173585,161242,252971,138926,114045
24,DISTRICT,Dohad  ,Total,2127086,1068651,1058435,1007171,599035,408136
24,DISTRICT,Dohad  ,Rural,1935461,970963,964498,872552,525140,347412
24,DISTRICT,Dohad  ,Urban,191625,97688,93937,134619,73895,60724
24,DISTRICT,Vadodara,Total,4165626,2153736,2011890,2893080,1614087,1278993
24,DISTRICT,Vadodara,Rural,2099855,1077943,1021912,1228608,715860,512748
24,DISTRICT,Vadodara,Urban,2065771,1075793,989978,1664472,898227,766245
24,DISTRICT,Narmada,Total,590297,301086,289211,370336,211767,158569
24,DISTRICT,Narmada,Rural,528425,269408,259017,321677,185566,136111
24,DISTRICT,Narmada,Urban,61872,31678,30194,48659,26201,22458
24,DISTRICT,Bharuch,Total,1551019,805707,745312,1118276,623047,495229
24,DISTRICT,Bharuch,Rural,1026060,529393,496667,705458,396884,308574
24,DISTRICT,Bharuch,Urban,524959,276314,248645,412818,226163,186655
24,DISTRICT,The Dangs,Total,228291,113821,114470,140968,77314,63654
24,DISTRICT,The Dangs,Rural,203604,101710,101894,121597,67400,54197
24,DISTRICT,The Dangs,Urban,24687,12111,12576,19371,9914,9457
24,DISTRICT,Navsari  ,Total,1329672,678165,651507,1001909,539471,462438
24,DISTRICT,Navsari  ,Rural,920535,464749,455786,676083,362923,313160
24,DISTRICT,Navsari  ,Urban,409137,213416,195721,325826,176548,149278
24,DISTRICT,Valsad,Total,1705678,887222,818456,1170657,655528,515129
24,DISTRICT,Valsad,Rural,1070177,542644,527533,671205,372309,298896
24,DISTRICT,Valsad,Urban,635501,344578,290923,499452,283219,216233
24,DISTRICT,Surat,Total,6081322,3402224,2679098,4571410,2687468,1883942
24,DISTRICT,Surat,Rural,1232109,640060,592049,840444,470015,370429
24,DISTRICT,Surat,Urban,4849213,2762164,2087049,3730966,2217453,1513513
24,DISTRICT,Tapi,Total,807022,402188,404834,490036,269007,221029
24,DISTRICT,Tapi,Rural,727535,361548,365987,430376,236734,193642
24,DISTRICT,Tapi,Urban,79487,40640,38847,59660,32273,27387
25,STATE,DAMAN & DIU,Total,243247,150301,92946,188406,124643,63763
25,STATE,DAMAN & DIU,Rural,60396,32395,28001,43089,25529,17560
25,STATE,DAMAN & DIU,Urban,182851,117906,64945,145317,99114,46203
25,DISTRICT,Diu,Total,52074,25642,26432,38058,20327,17731
25,DISTRICT,Diu,Rural,28083,14028,14055,18196,10263,7933
25,DISTRICT,Diu,Urban,23991,11614,12377,19862,10064,9798
25,DISTRICT,Daman,Total,191173,124659,66514,150348,104316,46032
25,DISTRICT,Daman,Rural,32313,18367,13946,24893,15266,9627
25,DISTRICT,Daman,Urban,158860,106292,52568,125455,89050,36405
26,STATE,DADRA & NAGAR HAVELI,Total,343709,193760,149949,223230,142521,80709
26,STATE,DADRA & NAGAR HAVELI,Rural,183114,98305,84809,99142,64050,35092
26,STATE,DADRA & NAGAR HAVELI,Urban,160595,95455,65140,124088,78471,45617
26,DISTRICT,Dadra & Nagar Haveli,Total,343709,193760,149949,223230,142521,80709
26,DISTRICT,Dadra & Nagar Haveli,Rural,183114,98305,84809,99142,64050,35092
26,DISTRICT,Dadra & Nagar Haveli,Urban,160595,95455,65140,124088,78471,45617
27,STATE,MAHARASHTRA,Total,112374333,58243056,54131277,81554290,45257584,36296706
27,STATE,MAHARASHTRA,Rural,61556074,31539034,30017040,41482761,23391475,18091286
27,STATE,MAHARASHTRA,Urban,50818259,26704022,24114237,40071529,21866109,18205420
27,DISTRICT,Nandurbar,Total,1648295,833170,815125,906509,512099,394410
27,DISTRICT,Nandurbar,Rural,1372821,687671,685150,696260,395314,300946
27,DISTRICT,Nandurbar,Urban,275474,145499,129975,210249,116785,93464
27,DISTRICT,Dhule,Total,2050862,1054031,996831,1293916,723388,570528
27,DISTRICT,Dhule,Rural,1479826,758916,720910,857440,489478,367962
27,DISTRICT,Dhule,Urban,571036,295115,275921,436476,233910,202566
27,DISTRICT,Jalgaon,Total,4229917,2197365,2032552,2891882,1629223,1262659
27,DISTRICT,Jalgaon,Rural,2887206,1500514,1386692,1877562,1080250,797312
27,DISTRICT,Jalgaon,Urban,1342711,696851,645860,1014320,548973,465347
27,DISTRICT,Buldana,Total,2586258,1337560,1248698,1879874,1048892,830982
27,DISTRICT,Buldana,Rural,2037398,1055242,982156,1450758,818571,632187
27,DISTRICT,Buldana,Urban,548860,282318,266542,429116,230321,198795
27,DISTRICT,Akola,Total,1813906,932334,881572,1411281,758977,652304
27,DISTRICT,Akola,Rural,1094165,563933,530232,829355,453144,376211
27,DISTRICT,Akola,Urban,719741,368401,351340,581926,305833,276093
27,DISTRICT,Washim,Total,1197160,620302,576858,869917,487703,382214
27,DISTRICT,Washim,Rural,985747,511727,474020,706756,400484,306272
27,DISTRICT,Washim,Urban,211413,108575,102838,163161,87219,75942
27,DISTRICT,Amravati,Total,2888445,1480768,1407677,2251875,1207104,1044771
27,DISTRICT,Amravati,Rural,1851158,950633,900525,1400695,761665,639030
27,DISTRICT,Amravati,Urban,1037287,530135,507152,851180,445439,405741
27,DISTRICT,Wardha,Total,1300774,668385,632389,1019458,552617,466841
27,DISTRICT,Wardha,Rural,877474,451874,425600,665082,365198,299884
27,DISTRICT,Wardha,Urban,423300,216511,206789,354376,187419,166957
27,DISTRICT,Nagpur,Total,4653570,2384975,2268595,3673808,1959220,1714588
27,DISTRICT,Nagpur,Rural,1474811,758357,716454,1072979,589827,483152
27,DISTRICT,Nagpur,Urban,3178759,1626618,1552141,2600829,1369393,1231436
27,DISTRICT,Bhandara,Total,1200334,605520,594814,899860,488709,411151
27,DISTRICT,Bhandara,Rural,966503,487484,479019,708328,388442,319886
27,DISTRICT,Bhandara,Urban,233831,118036,115795,191532,100267,91265
27,DISTRICT,Gondiya,Total,1322507,661554,660953,1004243,542837,461406
27,DISTRICT,Gondiya,Rural,1096577,547934,548643,818421,445490,372931
27,DISTRICT,Gondiya,Urban,225930,113620,112310,185822,97347,88475
27,DISTRICT,Gadchiroli,Total,1072942,541328,531614,708365,395110,313255
27,DISTRICT,Gadchiroli,Rural,954909,481290,473619,613771,344593,269178
27,DISTRICT,Gadchiroli,Urban,118033,60038,57995,94594,50517,44077
27,DISTRICT,Chandrapur,Total,2204307,1123834,1080473,1578615,872565,706050
27,DISTRICT,Chandrapur,Rural,1428929,726106,702823,962394,541613,420781
27,DISTRICT,Chandrapur,Urban,775378,397728,377650,616221,330952,285269
27,DISTRICT,Yavatmal,Total,2772348,1419965,1352383,2022574,1115980,906594
27,DISTRICT,Yavatmal,Rural,2174195,1115148,1059047,1536035,859681,676354
27,DISTRICT,Yavatmal,Urban,598153,304817,293336,486539,256299,230240
27,DISTRICT,Nanded,Total,3361292,1730075,1631217,2189425,1255222,934203
27,DISTRICT,Nanded,Rural,2447394,1258160,1189234,1529317,892050,637267
27,DISTRICT,Nanded,Urban,913898,471915,441983,660108,363172,296936
27,DISTRICT,Hingoli,Total,1177345,606294,571051,790743,450551,340192
27,DISTRICT,Hingoli,Rural,998612,514430,484182,658152,378697,279455
27,DISTRICT,Hingoli,Urban,178733,91864,86869,132591,71854,60737
27,DISTRICT,Parbhani,Total,1836086,942870,893216,1157814,666291,491523
27,DISTRICT,Parbhani,Rural,1266280,651886,614394,763448,450696,312752
27,DISTRICT,Parbhani,Urban,569806,290984,278822,394366,215595,178771
27,DISTRICT,Jalna,Total,1959046,1011473,947573,1195523,699428,496095
27,DISTRICT,Jalna,Rural,1581617,817279,764338,931514,554670,376844
27,DISTRICT,Jalna,Urban,377429,194194,183235,264009,144758,119251
27,DISTRICT,Aurangabad,Total,3701282,1924469,1776813,2503837,1430936,1072901
27,DISTRICT,Aurangabad,Rural,2081112,1081825,999287,1293330,768411,524919
27,DISTRICT,Aurangabad,Urban,1620170,842644,777526,1210507,662525,547982
27,DISTRICT,Nashik,Total,6107187,3157186,2950001,4345366,2397538,1947828
27,DISTRICT,Nashik,Rural,3509814,1804712,1705102,2326432,1306464,1019968
27,DISTRICT,Nashik,Urban,2597373,1352474,1244899,2018934,1091074,927860
27,DISTRICT,Thane,Total,11060148,5865078,5195070,8227161,4591396,3635765
27,DISTRICT,Thane,Rural,2545470,1300136,1245334,1539885,883410,656475
27,DISTRICT,Thane,Urban,8514678,4564942,3949736,6687276,3707986,2979290
27,DISTRICT,Mumbai Suburban,Total,9356962,5031323,4325639,7575485,4223029,3352456
27,DISTRICT,Mumbai Suburban,Rural,0,0,0,0,0,0
27,DISTRICT,Mumbai Suburban,Urban,9356962,5031323,4325639,7575485,4223029,3352456
27,DISTRICT,Mumbai,Total,3085411,1684608,1400803,2509022,1410680,1098342
27,DISTRICT,Mumbai,Rural,0,0,0,0,0,0
27,DISTRICT,Mumbai,Urban,3085411,1684608,1400803,2509022,1410680,1098342
27,DISTRICT,Raigarh,Total,2634200,1344345,1289855,1939994,1059692,880302
27,DISTRICT,Raigarh,Rural,1664005,836996,827009,1162891,639701,523190
27,DISTRICT,Raigarh,Urban,970195,507349,462846,777103,419991,357112
27,DISTRICT,Pune,Total,9429408,4924105,4505303,7171723,3940210,3231513
27,DISTRICT,Pune,Rural,3678226,1903440,1774786,2622222,1472191,1150031
27,DISTRICT,Pune,Urban,5751182,3020665,2730517,4549501,2468019,2081482
27,DISTRICT,Ahmadnagar,Total,4543159,2342825,2200334,3151890,1773355,1378535
27,DISTRICT,Ahmadnagar,Rural,3630542,1872907,1757635,2445147,1392891,1052256
27,DISTRICT,Ahmadnagar,Urban,912617,469918,442699,706743,380464,326279
27,DISTRICT,Bid,Total,2585049,1349106,1235943,1718507,987185,731322
27,DISTRICT,Bid,Rural,2070751,1082978,987773,1335589,777837,557752
27,DISTRICT,Bid,Urban,514298,266128,248170,382918,209348,173570
27,DISTRICT,Latur,Total,2454196,1273140,1181056,1650672,932432,718240
27,DISTRICT,Latur,Rural,1829216,949707,879509,1194845,683249,511596
27,DISTRICT,Latur,Urban,624980,323433,301547,455827,249183,206644
27,DISTRICT,Osmanabad,Total,1657576,861535,796041,1137810,644304,493506
27,DISTRICT,Osmanabad,Rural,1376519,716237,660282,926022,528743,397279
27,DISTRICT,Osmanabad,Urban,281057,145298,135759,211788,115561,96227
27,DISTRICT,Solapur,Total,4317756,2227852,2089904,2910676,1651266,1259410
27,DISTRICT,Solapur,Rural,2918665,1518343,1400322,1882788,1091085,791703
27,DISTRICT,Solapur,Urban,1399091,709509,689582,1027888,560181,467707
27,DISTRICT,Satara,Total,3003741,1510842,1492899,2225694,1201034,1024660
27,DISTRICT,Satara,Rural,2433363,1219749,1213614,1770750,960799,809951
27,DISTRICT,Satara,Urban,570378,291093,279285,454944,240235,214709
27,DISTRICT,Ratnagiri,Total,1615069,761121,853948,1199392,619012,580380
27,DISTRICT,Ratnagiri,Rural,1351346,630213,721133,979357,507199,472158
27,DISTRICT,Ratnagiri,Urban,263723,130908,132815,220035,111813,108222
27,DISTRICT,Sindhudurg,Total,849651,417332,432319,666067,348289,317778
27,DISTRICT,Sindhudurg,Rural,742645,363268,379377,576273,302111,274162
27,DISTRICT,Sindhudurg,Urban,107006,54064,52942,89794,46178,43616
27,DISTRICT,Kolhapur,Total,3876001,1980658,1895343,2825845,1559760,1266085
27,DISTRICT,Kolhapur,Rural,2645992,1348815,1297177,1853869,1039715,814154
27,DISTRICT,Kolhapur,Urban,1230009,631843,598166,971976,520045,451931
27,DISTRICT,Sangli,Total,2822143,1435728,1386415,2049467,1121550,927917
27,DISTRICT,Sangli,Rural,2102786,1071124,1031662,1495094,827806,667288
27,DISTRICT,Sangli,Urban,719357,364604,354753,554373,293744,260629
28,STATE,ANDHRA PRADESH,Total,84580777,42442146,42138631,50556760,28251243,22305517
28,STATE,ANDHRA PRADESH,Rural,56361702,28243241,28118461,30351065,17395600,12955465
28,STATE,ANDHRA PRADESH,Urban,28219075,14198905,14020170,20205695,10855643,9350052
28,DISTRICT,Adilabad,Total,2741239,1369597,1371642,1483347,856350,626997
28,DISTRICT,Adilabad,Rural,1980980,985303,995677,965707,569033,396674
28,DISTRICT,Adilabad,Urban,760259,384294,375965,517640,287317,230323
28,DISTRICT,Nizamabad,Total,2551335,1250641,1300694,1389810,790214,599596
28,DISTRICT,Nizamabad,Rural,1962963,958837,1004126,987594,573184,414410
28,DISTRICT,Nizamabad,Urban,588372,291804,296568,402216,217030,185186
28,DISTRICT,Karimnagar,Total,3776269,1880800,1895469,2206829,1257238,949591
28,DISTRICT,Karimnagar,Rural,2825044,1401950,1423094,1538281,889488,648793
28,DISTRICT,Karimnagar,Urban,951225,478850,472375,668548,367750,300798
28,DISTRICT,Medak,Total,3033288,1523030,1510258,1637137,953406,683731
28,DISTRICT,Medak,Rural,2305417,1152806,1152611,1134489,674416,460073
28,DISTRICT,Medak,Urban,727871,370224,357647,502648,278990,223658
28,DISTRICT,Hyderabad,Total,3943323,2018575,1924748,2892155,1542688,1349467
28,DISTRICT,Hyderabad,Rural,0,0,0,0,0,0
28,DISTRICT,Hyderabad,Urban,3943323,2018575,1924748,2892155,1542688,1349467
28,DISTRICT,Rangareddy,Total,5296741,2701008,2595733,3538028,1948784,1589244
28,DISTRICT,Rangareddy,Rural,1577569,801013,776556,839187,493493,345694
28,DISTRICT,Rangareddy,Urban,3719172,1899995,1819177,2698841,1455291,1243550
28,DISTRICT,Mahbubnagar,Total,4053028,2050386,2002642,1940646,1158386,782260
28,DISTRICT,Mahbubnagar,Rural,3445336,1742438,1702898,1521778,926165,595613
28,DISTRICT,Mahbubnagar,Urban,607692,307948,299744,418868,232221,186647
28,DISTRICT,Nalgonda,Total,3488809,1759772,1729037,2001019,1160757,840262
28,DISTRICT,Nalgonda,Rural,2826302,1427716,1398586,1515547,896996,618551
28,DISTRICT,Nalgonda,Urban,662507,332056,330451,485472,263761,221711
28,DISTRICT,Warangal,Total,3512576,1759281,1753295,2065023,1179790,885233
28,DISTRICT,Warangal,Rural,2520243,1260594,1259649,1337408,781417,555991
28,DISTRICT,Warangal,Urban,992333,498687,493646,727615,398373,329242
28,DISTRICT,Khammam,Total,2797370,1390988,1406382,1630234,901640,728594
28,DISTRICT,Khammam,Rural,2141459,1066781,1074678,1149533,647506,502027
28,DISTRICT,Khammam,Urban,655911,324207,331704,480701,254134,226567
28,DISTRICT,Srikakulam,Total,2703114,1341738,1361376,1495381,857824,637557
28,DISTRICT,Srikakulam,Rural,2266411,1126888,1139523,1186662,692122,494540
28,DISTRICT,Srikakulam,Urban,436703,214850,221853,308719,165702,143017
28,DISTRICT,Vizianagaram,Total,2344474,1161477,1182997,1238388,707503,530885
28,DISTRICT,Vizianagaram,Rural,1853563,920428,933135,891838,523316,368522
28,DISTRICT,Vizianagaram,Urban,490911,241049,249862,346550,184187,162363
28,DISTRICT,Visakhapatnam,Total,4290589,2138910,2151679,2568249,1422878,1145371
28,DISTRICT,Visakhapatnam,Rural,2254667,1113234,1141433,1072167,618397,453770
28,DISTRICT,Visakhapatnam,Urban,2035922,1025676,1010246,1496082,804481,691601
28,DISTRICT,East Godavari,Total,5154296,2569688,2584608,3288577,1716933,1571644
28,DISTRICT,East Godavari,Rural,3840324,1922293,1918031,2329761,1223694,1106067
28,DISTRICT,East Godavari,Urban,1313972,647395,666577,958816,493239,465577
28,DISTRICT,West Godavari,Total,3936966,1964918,1972048,2652389,1379223,1273166
28,DISTRICT,West Godavari,Rural,3128189,1567013,1561176,2035630,1063675,971955
28,DISTRICT,West Godavari,Urban,808777,397905,410872,616759,315548,301211
28,DISTRICT,Krishna,Total,4517398,2267375,2250023,3009718,1598959,1410759
28,DISTRICT,Krishna,Rural,2673738,1343534,1330204,1657592,891610,765982
28,DISTRICT,Krishna,Urban,1843660,923841,919819,1352126,707349,644777
28,DISTRICT,Guntur,Total,4887813,2440521,2447292,2960441,1634726,1325715
28,DISTRICT,Guntur,Rural,3235075,1621491,1613584,1797934,1017294,780640
28,DISTRICT,Guntur,Urban,1652738,819030,833708,1162507,617432,545075
28,DISTRICT,Prakasam,Total,3397448,1714764,1682684,1904435,1107686,796749
28,DISTRICT,Prakasam,Rural,2732866,1382641,1350225,1435913,852588,583325
28,DISTRICT,Prakasam,Urban,664582,332123,332459,468522,255098,213424
28,DISTRICT,Sri Potti Sriramulu Nellore,Total,2963557,1492974,1470583,1832189,1011922,820267
28,DISTRICT,Sri Potti Sriramulu Nellore,Rural,2105927,1060810,1045117,1197619,672946,524673
28,DISTRICT,Sri Potti Sriramulu Nellore,Urban,857630,432164,425466,634570,338976,295594
28,DISTRICT,Y.S.R.,Total,2882469,1451777,1430692,1716766,994699,722067
28,DISTRICT,Y.S.R.,Rural,1903337,959693,943644,1062356,630940,431416
28,DISTRICT,Y.S.R.,Urban,979132,492084,487048,654410,363759,290651
28,DISTRICT,Kurnool,Total,4053463,2039227,2014236,2127161,1246369,880792
28,DISTRICT,Kurnool,Rural,2904177,1464569,1439608,1390459,841511,548948
28,DISTRICT,Kurnool,Urban,1149286,574658,574628,736702,404858,331844
28,DISTRICT,Anantapur,Total,4081148,2064495,2016653,2310960,1338474,972486
28,DISTRICT,Anantapur,Rural,2935437,1489157,1446280,1546394,917058,629336
28,DISTRICT,Anantapur,Urban,1145711,575338,570373,764566,421416,343150
28,DISTRICT,Chittoor,Total,4174064,2090204,2083860,2667878,1484794,1183084
28,DISTRICT,Chittoor,Rural,2942678,1474052,1468626,1757216,998751,758465
28,DISTRICT,Chittoor,Urban,1231386,616152,615234,910662,486043,424619
29,STATE,KARNATAKA,Total,61095297,30966657,30128640,40647322,22508471,18138851
29,STATE,KARNATAKA,Rural,37469335,18929354,18539981,22649176,12893437,9755739
29,STATE,KARNATAKA,Urban,23625962,12037303,11588659,17998146,9615034,8383112
29,DISTRICT,Belgaum,Total,4779661,2423063,2356598,3052032,1725548,1326484
29,DISTRICT,Belgaum,Rural,3568466,1811094,1757372,2134792,1233802,900990
29,DISTRICT,Belgaum,Urban,1211195,611969,599226,917240,491746,425494
29,DISTRICT,Bagalkot ,Total,1889752,950111,939641,1113412,641388,472024
29,DISTRICT,Bagalkot ,Rural,1291906,650267,641639,704912,416846,288066
29,DISTRICT,Bagalkot ,Urban,597846,299844,298002,408500,224542,183958
29,DISTRICT,Bijapur,Total,2177331,1111022,1066309,1248268,730566,517702
29,DISTRICT,Bijapur,Rural,1675353,857562,817791,894132,538400,355732
29,DISTRICT,Bijapur,Urban,501978,253460,248518,354136,192166,161970
29,DISTRICT,Bidar,Total,1703300,870665,832635,1042673,597198,445475
29,DISTRICT,Bidar,Rural,1277348,651250,626098,739711,430681,309030
29,DISTRICT,Bidar,Urban,425952,219415,206537,302962,166517,136445
29,DISTRICT,Raichur,Total,1928812,964511,964301,979769,577213,402556
29,DISTRICT,Raichur,Rural,1438464,717972,720492,659440,399587,259853
29,DISTRICT,Raichur,Urban,490348,246539,243809,320329,177626,142703
29,DISTRICT,Koppal,Total,1389920,699926,689994,809085,468785,340300
29,DISTRICT,Koppal,Rural,1156216,582958,573258,651001,382270,268731
29,DISTRICT,Koppal,Urban,233704,116968,116736,158084,86515,71569
29,DISTRICT,Gadag,Total,1064570,537147,527423,700177,397178,302999
29,DISTRICT,Gadag,Rural,685261,347585,337676,429673,250701,178972
29,DISTRICT,Gadag,Urban,379309,189562,189747,270504,146477,124027
29,DISTRICT,Dharwad,Total,1847023,937206,909817,1301664,711776,589888
29,DISTRICT,Dharwad,Rural,797484,409416,388068,501954,289171,212783
29,DISTRICT,Dharwad,Urban,1049539,527790,521749,799710,422605,377105
29,DISTRICT,Uttara Kannada,Total,1437169,726256,710913,1081906,582099,499807
29,DISTRICT,Uttara Kannada,Rural,1018188,514910,503278,741129,403419,337710
29,DISTRICT,Uttara Kannada,Urban,418981,211346,207635,340777,178680,162097
29,DISTRICT,Haveri,Total,1597668,819128,778540,1085443,603793,481650
29,DISTRICT,Haveri,Rural,1242167,638450,603717,825101,465603,359498
29,DISTRICT,Haveri,Urban,355501,180678,174823,260342,138190,122152
29,DISTRICT,Bellary,Total,2452595,1236954,1215641,1421621,813440,608181
29,DISTRICT,Bellary,Rural,1532356,774093,758263,809312,478100,331212
29,DISTRICT,Bellary,Urban,920239,462861,457378,612309,335340,276969
29,DISTRICT,Chitradurga,Total,1659456,840843,818613,1087392,607188,480204
29,DISTRICT,Chitradurga,Rural,1329923,675573,654350,834419,474285,360134
29,DISTRICT,Chitradurga,Urban,329533,165270,164263,252973,132903,120070
29,DISTRICT,Davanagere,Total,1945497,986400,959097,1308540,720637,587903
29,DISTRICT,Davanagere,Rural,1316487,668267,648220,838823,471688,367135
29,DISTRICT,Davanagere,Urban,629010,318133,310877,469717,248949,220768
29,DISTRICT,Shimoga,Total,1752753,877415,875338,1263016,674938,588078
29,DISTRICT,Shimoga,Rural,1129026,565821,563205,770817,419590,351227
29,DISTRICT,Shimoga,Urban,623727,311594,312133,492199,255348,236851
29,DISTRICT,Udupi,Total,1177361,562131,615230,926429,465704,460725
29,DISTRICT,Udupi,Rural,843300,398847,444453,645246,324309,320937
29,DISTRICT,Udupi,Urban,334061,163284,170777,281183,141395,139788
29,DISTRICT,Chikmagalur,Total,1137961,566622,571339,818345,438257,380088
29,DISTRICT,Chikmagalur,Rural,898453,447545,450908,628083,340186,287897
29,DISTRICT,Chikmagalur,Urban,239508,119077,120431,190262,98071,92191
29,DISTRICT,Tumkur,Total,2678980,1350594,1328386,1813391,1006024,807367
29,DISTRICT,Tumkur,Rural,2079902,1048710,1031192,1344438,760322,584116
29,DISTRICT,Tumkur,Urban,599078,301884,297194,468953,245702,223251
29,DISTRICT,Bangalore,Total,9621551,5022661,4598890,7512276,4078041,3434235
29,DISTRICT,Bangalore,Rural,871607,464256,407351,602859,348826,254033
29,DISTRICT,Bangalore,Urban,8749944,4558405,4191539,6909417,3729215,3180202
29,DISTRICT,Mandya,Total,1805769,905085,900684,1149649,638668,510981
29,DISTRICT,Mandya,Rural,1497407,751243,746164,919289,517904,401385
29,DISTRICT,Mandya,Urban,308362,153842,154520,230360,120764,109596
29,DISTRICT,Hassan,Total,1776421,883667,892754,1225256,668836,556420
29,DISTRICT,Hassan,Rural,1399658,695583,704075,925571,513580,411991
29,DISTRICT,Hassan,Urban,376763,188084,188679,299685,155256,144429
29,DISTRICT,Dakshina Kannada,Total,2089649,1034714,1054935,1666323,864019,802304
29,DISTRICT,Dakshina Kannada,Rural,1093563,541484,552079,838316,440804,397512
29,DISTRICT,Dakshina Kannada,Urban,996086,493230,502856,828007,423215,404792
29,DISTRICT,Kodagu,Total,554519,274608,279911,412877,215302,197575
29,DISTRICT,Kodagu,Rural,473531,234161,239370,346061,180920,165141
29,DISTRICT,Kodagu,Urban,80988,40447,40541,66816,34382,32434
29,DISTRICT,Mysore,Total,3001127,1511600,1489527,1962180,1063766,898414
29,DISTRICT,Mysore,Rural,1755714,887500,868214,994670,560734,433936
29,DISTRICT,Mysore,Urban,1245413,624100,621313,967510,503032,464478
29,DISTRICT,Chamarajanagar,Total,1020791,512231,508560,565279,312957,252322
29,DISTRICT,Chamarajanagar,Rural,845817,424884,420933,442260,247909,194351
29,DISTRICT,Chamarajanagar,Urban,174974,87347,87627,123019,65048,57971
29,DISTRICT,Gulbarga,Total,2566326,1301755,1264571,1427368,828359,599009
29,DISTRICT,Gulbarga,Rural,1730775,877144,853631,857328,515350,341978
29,DISTRICT,Gulbarga,Urban,835551,424611,410940,570040,313009,257031
29,DISTRICT,Yadgir,Total,1174271,590329,583942,510003,306751,203252
29,DISTRICT,Yadgir,Rural,953594,479078,474516,374244,230998,143246
29,DISTRICT,Yadgir,Urban,220677,111251,109426,135759,75753,60006
29,DISTRICT,Kolar,Total,1536401,776396,760005,1016219,564110,452109
29,DISTRICT,Kolar,Rural,1056328,535431,520897,649421,371785,277636
29,DISTRICT,Kolar,Urban,480073,240965,239108,366798,192325,174473
29,DISTRICT,Chikkaballapura,Total,1255104,636437,618667,783222,442158,341064
29,DISTRICT,Chikkaballapura,Rural,973985,494463,479522,580231,334340,245891
29,DISTRICT,Chikkaballapura,Urban,281119,141974,139145,202991,107818,95173
29,DISTRICT,Bangalore Rural,Total,990923,509172,481751,688749,385311,303438
29,DISTRICT,Bangalore Rural,Rural,722179,371369,350810,484632,275457,209175
29,DISTRICT,Bangalore Rural,Urban,268744,137803,130941,204117,109854,94263
29,DISTRICT,Ramanagara,Total,1082636,548008,534628,674758,378461,296297
29,DISTRICT,Ramanagara,Rural,814877,412438,402439,481311,275870,205441
29,DISTRICT,Ramanagara,Urban,267759,135570,132189,193447,102591,90856
30,STATE,GOA,Total,1458545,739140,719405,1165487,615823,549664
30,STATE,GOA,Rural,551731,275436,276295,431271,227143,204128
30,STATE,GOA,Urban,906814,463704,443110,734216,388680,345536
30,DISTRICT,North Goa,Total,818008,416677,401331,663060,351738,311322
30,DISTRICT,North Goa,Rural,324927,163908,161019,258627,137585,121042
30,DISTRICT,North Goa,Urban,493081,252769,240312,404433,214153,190280
30,DISTRICT,South Goa,Total,640537,322463,318074,502427,264085,238342
30,DISTRICT,South Goa,Rural,226804,111528,115276,172644,89558,83086
30,DISTRICT,South Goa,Urban,413733,210935,202798,329783,174527,155256
31,STATE,LAKSHADWEEP,Total,64473,33123,31350,52553,28023,24530
31,STATE,LAKSHADWEEP,Rural,14141,7243,6898,11288,5949,5339
31,STATE,LAKSHADWEEP,Urban,50332,25880,24452,41265,22074,19191
31,DISTRICT,Lakshadweep,Total,64473,33123,31350,52553,28023,24530
31,DISTRICT,Lakshadweep,Rural,14141,7243,6898,11288,5949,5339
31,DISTRICT,Lakshadweep,Urban,50332,25880,24452,41265,22074,19191
32,STATE,KERALA,Total,33406061,16027412,17378649,28135824,13704903,14430921
32,STATE,KERALA,Rural,17471135,8408054,9063081,14549320,7132430,7416890
32,STATE,KERALA,Urban,15934926,7619358,8315568,13586504,6572473,7014031
32,DISTRICT,Kasaragod,Total,1307375,628613,678762,1037492,516476,521016
32,DISTRICT,Kasaragod,Rural,798328,387716,410612,628032,317690,310342
32,DISTRICT,Kasaragod,Urban,509047,240897,268150,409460,198786,210674
32,DISTRICT,Kannur,Total,2523003,1181446,1341557,2138434,1012956,1125478
32,DISTRICT,Kannur,Rural,882017,425682,456335,736967,363030,373937
32,DISTRICT,Kannur,Urban,1640986,755764,885222,1401467,649926,751541
32,DISTRICT,Wayanad,Total,817420,401684,415736,645585,328136,317449
32,DISTRICT,Wayanad,Rural,785840,386283,399557,620070,315367,304703
32,DISTRICT,Wayanad,Urban,31580,15401,16179,25515,12769,12746
32,DISTRICT,Kozhikode,Total,3086293,1470942,1615351,2615443,1266939,1348504
32,DISTRICT,Kozhikode,Rural,1013721,484784,528937,849378,414396,434982
32,DISTRICT,Kozhikode,Urban,2072572,986158,1086414,1766065,852543,913522
32,DISTRICT,Malappuram,Total,4112920,1960328,2152592,3311315,1597404,1713911
32,DISTRICT,Malappuram,Rural,2295709,1095308,1200401,1838508,888731,949777
32,DISTRICT,Malappuram,Urban,1817211,865020,952191,1472807,708673,764134
32,DISTRICT,Palakkad,Total,2809934,1359478,1450456,2239492,1122600,1116892
32,DISTRICT,Palakkad,Rural,2133124,1031466,1101658,1678895,843855,835040
32,DISTRICT,Palakkad,Urban,676810,328012,348798,560597,278745,281852
32,DISTRICT,Thrissur,Total,3121200,1480763,1640437,2678548,1282261,1396287
32,DISTRICT,Thrissur,Rural,1024794,488303,536491,865471,418620,446851
32,DISTRICT,Thrissur,Urban,2096406,992460,1103946,1813077,863641,949436
32,DISTRICT,Ernakulam,Total,3282388,1619557,1662831,2855676,1425723,1429953
32,DISTRICT,Ernakulam,Rural,1048025,518510,529515,908408,455970,452438
32,DISTRICT,Ernakulam,Urban,2234363,1101047,1133316,1947268,969753,977515
32,DISTRICT,Idukki ,Total,1108974,552808,556166,923010,471881,451129
32,DISTRICT,Idukki ,Rural,1056929,527245,529684,878211,449642,428569
32,DISTRICT,Idukki ,Urban,52045,25563,26482,44799,22239,22560
32,DISTRICT,Kottayam,Total,1974551,968289,1006262,1749798,861592,888206
32,DISTRICT,Kottayam,Rural,1409158,692673,716485,1246775,615451,631324
32,DISTRICT,Kottayam,Urban,565393,275616,289777,503023,246141,256882
32,DISTRICT,Alappuzha,Total,2127789,1013142,1114647,1852797,890552,962245
32,DISTRICT,Alappuzha,Rural,979643,464713,514930,852470,407413,445057
32,DISTRICT,Alappuzha,Urban,1148146,548429,599717,1000327,483139,517188
32,DISTRICT,Pathanamthitta,Total,1197412,561716,635696,1062553,499181,563372
32,DISTRICT,Pathanamthitta,Rural,1065799,499820,565979,945351,444022,501329
32,DISTRICT,Pathanamthitta,Urban,131613,61896,69717,117202,55159,62043
32,DISTRICT,Kollam,Total,2635375,1246968,1388407,2240273,1074345,1165928
32,DISTRICT,Kollam,Rural,1448217,680687,767530,1233362,587387,645975
32,DISTRICT,Kollam,Urban,1187158,566281,620877,1006911,486958,519953
32,DISTRICT,Thiruvananthapuram,Total,3301427,1581678,1719749,2785408,1354857,1430551
32,DISTRICT,Thiruvananthapuram,Rural,1529831,724864,804967,1267422,610856,656566
32,DISTRICT,Thiruvananthapuram,Urban,1771596,856814,914782,1517986,744001,773985
33,STATE,TAMIL NADU,Total,72147030,36137975,36009055,51837507,28040491,23797016
33,STATE,TAMIL NADU,Rural,37229590,18679065,18550525,24502195,13665839,10836356
33,STATE,TAMIL NADU,Urban,34917440,17458910,17458530,27335312,14374652,12960660
33,DISTRICT,Thiruvallur,Total,3728104,1876062,1852042,2791721,1495711,1296010
33,DISTRICT,Thiruvallur,Rural,1299709,650462,649247,859700,476199,383501
33,DISTRICT,Thiruvallur,Urban,2428395,1225600,1202795,1932021,1019512,912509
33,DISTRICT,Chennai,Total,4646732,2335844,2310888,3776276,1968079,1808197
33,DISTRICT,Chennai,Rural,0,0,0,0,0,0
33,DISTRICT,Chennai,Urban,4646732,2335844,2310888,3776276,1968079,1808197
33,DISTRICT,Kancheepuram,Total,3998252,2012958,1985294,3013382,1611461,1401921
33,DISTRICT,Kancheepuram,Rural,1459916,734979,724937,988378,546994,441384
33,DISTRICT,Kancheepuram,Urban,2538336,1277979,1260357,2025004,1064467,960537
33,DISTRICT,Vellore,Total,3936331,1961688,1974643,2773928,1504355,1269573
33,DISTRICT,Vellore,Rural,2234344,1117101,1117243,1482931,824307,658624
33,DISTRICT,Vellore,Urban,1701987,844587,857400,1290997,680048,610949
33,DISTRICT,Tiruvannamalai,Total,2464875,1235889,1228986,1626813,909803,717010
33,DISTRICT,Tiruvannamalai,Rural,1969930,989726,980204,1253098,710665,542433
33,DISTRICT,Tiruvannamalai,Urban,494945,246163,248782,373715,199138,174577
33,DISTRICT,Viluppuram,Total,3458873,1740819,1718054,2195776,1234479,961297
33,DISTRICT,Viluppuram,Rural,2939785,1481475,1458310,1803943,1025617,778326
33,DISTRICT,Viluppuram,Urban,519088,259344,259744,391833,208862,182971
33,DISTRICT,Salem,Total,3482056,1781571,1700485,2285562,1285107,1000455
33,DISTRICT,Salem,Rural,1707934,883274,824660,1008761,590535,418226
33,DISTRICT,Salem,Urban,1774122,898297,875825,1276801,694572,582229
33,DISTRICT,Namakkal   ,Total,1726601,869280,857321,1176131,653312,522819
33,DISTRICT,Namakkal   ,Rural,1030476,520684,509792,671793,380075,291718
33,DISTRICT,Namakkal   ,Urban,696125,348596,347529,504338,273237,231101
33,DISTRICT,Erode,Total,2251744,1129868,1121876,1492662,828300,664362
33,DISTRICT,Erode,Rural,1093768,552393,541375,655046,375974,279072
33,DISTRICT,Erode,Urban,1157976,577475,580501,837616,452326,385290
33,DISTRICT,The Nilgiris,Total,735394,360143,375251,569647,299447,270200
33,DISTRICT,The Nilgiris,Rural,299739,145909,153830,221955,118463,103492
33,DISTRICT,The Nilgiris,Urban,435655,214234,221421,347692,180984,166708
33,DISTRICT,Dindigul,Total,2159775,1080938,1078837,1481834,816180,665654
33,DISTRICT,Dindigul,Rural,1351735,678605,673130,870271,491736,378535
33,DISTRICT,Dindigul,Urban,808040,402333,405707,611563,324444,287119
33,DISTRICT,Karur ,Total,1064493,528184,536309,727044,401726,325318
33,DISTRICT,Karur ,Rural,629976,312628,317348,394134,224431,169703
33,DISTRICT,Karur ,Urban,434517,215556,218961,332910,177295,155615
33,DISTRICT,Tiruchirappalli,Total,2722290,1352284,1370006,2038981,1087765,951216
33,DISTRICT,Tiruchirappalli,Rural,1384257,688552,695705,950242,524233,426009
33,DISTRICT,Tiruchirappalli,Urban,1338033,663732,674301,1088739,563532,525207
33,DISTRICT,Perambalur  ,Total,565223,282157,283066,375823,208011,167812
33,DISTRICT,Perambalur  ,Rural,468060,233926,234134,301716,169106,132610
33,DISTRICT,Perambalur  ,Urban,97163,48231,48932,74107,38905,35202
33,DISTRICT,Ariyalur  ,Total,754894,374703,380191,480604,269582,211022
33,DISTRICT,Ariyalur  ,Rural,671100,333253,337847,419413,237071,182342
33,DISTRICT,Ariyalur  ,Urban,83794,41450,42344,61191,32511,28680
33,DISTRICT,Cuddalore,Total,2605914,1311697,1294217,1815281,1000322,814959
33,DISTRICT,Cuddalore,Rural,1720725,868861,851864,1126045,634883,491162
33,DISTRICT,Cuddalore,Urban,885189,442836,442353,689236,365439,323797
33,DISTRICT,Nagapattinam  ,Total,1616450,798127,818323,1213008,640916,572092
33,DISTRICT,Nagapattinam  ,Rural,1251826,619369,632457,921786,491270,430516
33,DISTRICT,Nagapattinam  ,Urban,364624,178758,185866,291222,149646,141576
33,DISTRICT,Thiruvarur,Total,1264277,626693,637584,946471,503085,443386
33,DISTRICT,Thiruvarur,Rural,1006482,499954,506528,737887,396275,341612
33,DISTRICT,Thiruvarur,Urban,257795,126739,131056,208584,106810,101774
33,DISTRICT,Thanjavur,Total,2405890,1182416,1223474,1790998,944264,846734
33,DISTRICT,Thanjavur,Rural,1554531,765177,789354,1104986,593178,511808
33,DISTRICT,Thanjavur,Urban,851359,417239,434120,686012,351086,334926
33,DISTRICT,Pudukkottai,Total,1618345,803188,815157,1110545,608776,501769
33,DISTRICT,Pudukkottai,Rural,1301991,645505,656486,859683,477058,382625
33,DISTRICT,Pudukkottai,Urban,316354,157683,158671,250862,131718,119144
33,DISTRICT,Sivaganga,Total,1339101,668672,670429,959744,526304,433440
33,DISTRICT,Sivaganga,Rural,926256,462210,464046,629045,352907,276138
33,DISTRICT,Sivaganga,Urban,412845,206462,206383,330699,173397,157302
33,DISTRICT,Madurai,Total,3038252,1526475,1511777,2273430,1223810,1049620
33,DISTRICT,Madurai,Rural,1191451,601247,590204,788090,446459,341631
33,DISTRICT,Madurai,Urban,1846801,925228,921573,1485340,777351,707989
33,DISTRICT,Theni  ,Total,1245899,625683,620216,870080,479403,390677
33,DISTRICT,Theni  ,Rural,575418,290880,284538,376650,213570,163080
33,DISTRICT,Theni  ,Urban,670481,334803,335678,493430,265833,227597
33,DISTRICT,Virudhunagar,Total,1942288,967709,974579,1398788,760375,638413
33,DISTRICT,Virudhunagar,Rural,962062,480360,481702,653219,363736,289483
33,DISTRICT,Virudhunagar,Urban,980226,487349,492877,745569,396639,348930
33,DISTRICT,Ramanathapuram,Total,1353445,682658,670787,978946,536487,442459
33,DISTRICT,Ramanathapuram,Rural,942746,474508,468238,651919,362778,289141
33,DISTRICT,Ramanathapuram,Urban,410699,208150,202549,327027,173709,153318
33,DISTRICT,Thoothukkudi,Total,1750176,865021,885155,1349697,703106,646591
33,DISTRICT,Thoothukkudi,Rural,873374,430361,443013,642686,339739,302947
33,DISTRICT,Thoothukkudi,Urban,876802,434660,442142,707011,363367,343644
33,DISTRICT,Tirunelveli ,Total,3077233,1520912,1556321,2273457,1210710,1062747
33,DISTRICT,Tirunelveli ,Rural,1557004,768728,788276,1100112,592979,507133
33,DISTRICT,Tirunelveli ,Urban,1520229,752184,768045,1173345,617731,555614
33,DISTRICT,Kanniyakumari,Total,1870374,926345,944029,1548738,780541,768197
33,DISTRICT,Kanniyakumari,Rural,330572,164938,165634,269380,136432,132948
33,DISTRICT,Kanniyakumari,Urban,1539802,761407,778395,1279358,644109,635249
33,DISTRICT,Dharmapuri,Total,1506843,774303,732540,917709,527599,390110
33,DISTRICT,Dharmapuri,Rural,1245931,643215,602716,727785,425299,302486
33,DISTRICT,Dharmapuri,Urban,260912,131088,129824,189924,102300,87624
33,DISTRICT,Krishnagiri,Total,1879809,960232,919577,1187958,667062,520896
33,DISTRICT,Krishnagiri,Rural,1451446,742444,709002,865259,494718,370541
33,DISTRICT,Krishnagiri,Urban,428363,217788,210575,322699,172344,150355
33,DISTRICT,Coimbatore,Total,3458045,1729297,1728748,2635907,1394790,1241117
33,DISTRICT,Coimbatore,Rural,839105,419032,420073,554965,305718,249247
33,DISTRICT,Coimbatore,Urban,2618940,1310265,1308675,2080942,1089072,991870
33,DISTRICT,Tiruppur,Total,2479052,1246159,1232893,1760566,959623,800943
33,DISTRICT,Tiruppur,Rural,957941,479309,478632,611317,343434,267883
33,DISTRICT,Tiruppur,Urban,1521111,766850,754261,1149249,616189,533060
34,STATE,PUDUCHERRY,Total,1247953,612511,635442,957309,497378,459931
34,STATE,PUDUCHERRY,Rural,395200,194907,200293,280882,150490,130392
34,STATE,PUDUCHERRY,Urban,852753,417604,435149,676427,346888,329539
34,DISTRICT,Yanam,Total,55626,27301,28325,39274,19919,19355
34,DISTRICT,Yanam,Rural,0,0,0,0,0,0
34,DISTRICT,Yanam,Urban,55626,27301,28325,39274,19919,19355
34,DISTRICT,Puducherry,Total,950289,468258,482031,726649,380946,345703
34,DISTRICT,Puducherry,Rural,293080,144769,148311,203781,110274,93507
34,DISTRICT,Puducherry,Urban,657209,323489,333720,522868,270672,252196
34,DISTRICT,Mahe,Total,41816,19143,22673,36470,16610,19860
34,DISTRICT,Mahe,Rural,0,0,0,0,0,0
34,DISTRICT,Mahe,Urban,41816,19143,22673,36470,16610,19860
34,DISTRICT,Karaikal,Total,200222,97809,102413,154916,79903,75013
34,DISTRICT,Karaikal,Rural,102120,50138,51982,77101,40216,36885
34,DISTRICT,Karaikal,Urban,98102,47671,50431,77815,39687,38128
35,STATE,ANDAMAN & NICOBAR ISLANDS,Total,380581,202871,177710,294281,164377,129904
35,STATE,ANDAMAN & NICOBAR ISLANDS,Rural,237093,126287,110806,178025,99960,78065
35,STATE,ANDAMAN & NICOBAR ISLANDS,Urban,143488,76584,66904,116256,64417,51839
35,DISTRICT,Nicobars,Total,36842,20727,16115,25332,15397,9935
35,DISTRICT,Nicobars,Rural,36842,20727,16115,25332,15397,9935
35,DISTRICT,Nicobars,Urban,0,0,0,0,0,0
35,DISTRICT,North  & Middle Andaman,Total,105597,54861,50736,78683,43186,35497
35,DISTRICT,North  & Middle Andaman,Rural,102856,53457,49399,76621,42056,34565
35,DISTRICT,North  & Middle Andaman,Urban,2741,1404,1337,2062,1130,932
35,DISTRICT,South Andaman,Total,238142,127283,110859,190266,105794,84472
35,DISTRICT,South Andaman,Rural,97395,52103,45292,76072,42507,33565
35,DISTRICT,South Andaman,Urban,140747,75180,65567,114194,63287,50907
